5.680457914744923009e-01
1.190594042704059774e+00
7.288546887235458627e-01
1.191126003678955936e+00
5.999016552343836572e-01
9.389597577387456262e-01
1.109834105354519096e-01
2.140668332933910456e-01
1.062441455191282635e+00
1.956181889281395136e+00
6.675931632255864834e-01
6.220001438456779219e-01
1.330164465861872092e+00
9.271262436553127095e-01
9.073228860605206947e-01
1.611621834555782229e+00
1.695100467611026396e+00
1.837729308185107158e+00
2.640362772686621895e-02
1.593466096953478406e+00
1.090954440957068172e-01
1.761573527565669650e+00
1.264845204113967725e+00
8.244970557041231274e-02
1.891769879551564504e+00
3.944233141735549175e-01
2.905934282833699811e-02
7.063671439417804621e-01
8.501142850412373164e-01
1.501860474632997988e+00
1.995397485088496570e+00
1.745432291463133723e+00
1.990593917117570388e+00
4.454109084091069093e-01
1.750735543146358264e+00
1.059690224486762311e-01
1.305704145036168384e+00
8.977495216241964116e-01
1.876015907233649305e+00
9.029764423282551355e-01
1.026499903346274056e+00
1.266148264805536439e+00
1.717704457531659124e-01
1.125753354884402757e+00
1.621726963221052475e+00
1.081409247947906938e+00
5.623201447101573436e-01
2.890471672406453862e-01
1.674049418635493502e+00
1.730790307743308887e+00
1.962090834822138419e+00
3.819191188801167591e-01
5.780810632716719688e-01
4.722215246609353656e-01
1.155427827617257375e+00
2.799303942792743527e-01
1.893285920345605167e+00
7.909568269857314426e-01
7.131279938489849535e-01
2.856503062444897267e-01
1.786681889620027164e+00
4.347955032642785156e-01
1.843755371578703173e+00
1.979126397339046051e-01
1.727346193755588732e+00
8.738543734559534037e-01
5.248857616101849644e-01
