1.944050043816005768e+00
1.074574904733625047e+00
1.417568793416301709e+00
4.504545302595781564e-01
1.235339921917965711e+00
1.452527386557032063e+00
1.615730473026184555e-01
3.392687425592955108e-01
1.197264599442878552e+00
1.191156217969197684e+00
1.975401080966287637e+00
8.883263569301509399e-01
5.410023172653066759e-01
1.088737181129215692e+00
2.858594113589152386e-02
1.773374415012786365e+00
8.103414020429129394e-01
1.593623117108879939e-01
1.755582178292520723e-01
1.481169704265408171e-01
1.642963069253927433e+00
1.455530940060840273e+00
1.202335840393382149e+00
4.273614082405625680e-01
1.632484365117469860e+00
6.669278497220179069e-01
6.574830052788569468e-01
8.471920027111035090e-01
4.460827999308052405e-01
3.293143681413996937e-01
1.803996685939762035e+00
7.357475715239503167e-01
1.546712511958104663e+00
4.317291968341638864e-01
1.253546451724733224e+00
1.093473888293652330e+00
1.182061590419291264e+00
3.909123119744672969e-01
1.602509854465308692e+00
9.838093887833516682e-01
1.156426966538872225e+00
1.786824252679485081e+00
1.156363223747042479e+00
6.286909826501476672e-01
1.403641472768058396e+00
2.200213505211445764e-02
1.940006873161898682e+00
3.038451407519016101e-01
9.022861765314909022e-01
1.882096706664517782e-01
4.183455033763223696e-01
1.590855121350826629e+00
1.195778838437619118e+00
8.522745664147275413e-01
4.651967978574953477e-01
8.891588791047810858e-02
1.020776661557420972e-01
1.740785605939893177e+00
2.323771367456224368e-01
6.703285691127662815e-01
1.691371365119842540e+00
1.095138983002689859e+00
1.081686654283273707e+00
9.757175137000131393e-01
1.151935516291264339e+00
2.453274637380644663e-01
3.291789281151182855e-01
