1.989044301197127051e+00
1.151137101929279538e+00
5.851635148532086106e-01
1.429959660710760083e-01
5.409730966316059764e-01
1.082774527283495658e+00
1.634832372408230761e+00
1.084463894677784701e+00
1.122985555493996479e+00
7.936213229948885228e-01
1.659447449913341810e+00
2.400071024588723567e-01
1.757077608179878681e+00
1.991416258457692212e+00
9.135256020500444052e-01
3.078574115223373653e-01
4.191970433457878897e-01
1.544369643736108078e+00
9.191271890700942748e-01
4.201064118178532425e-01
1.916293000195928631e+00
8.494459887488496896e-01
1.753693425829972785e+00
2.176000222218990032e-01
5.498500904612919626e-01
4.511813653286393944e-01
2.127672384139560613e-01
7.989620614270811494e-01
9.460685342046866175e-01
9.763750361701233338e-01
6.273760058166897302e-01
1.041423701595562967e-01
1.039127119236316510e+00
9.980003823106069483e-01
1.096736782067384119e+00
9.052509748230566089e-01
1.636228522791691731e+00
1.881382290876068009e+00
1.191138393251486072e+00
2.242206174249279371e-01
6.088090250209470256e-01
1.953235209328525901e+00
1.623357146650643124e+00
1.418575274982681655e+00
1.268162103450967138e-01
1.032584583138861589e+00
1.109139370988778239e+00
1.437244090243065653e+00
1.850314830046750014e+00
8.385403727319458156e-01
1.874202964429156015e+00
1.883015424796574244e+00
1.672486700803423876e+00
5.511695365747599773e-01
1.970820413163570262e+00
1.447491906082213564e+00
2.572387039322396873e-01
7.991069579643088616e-01
1.385712208655709432e-01
1.218738165259384054e+00
1.793585492368285017e+00
5.393538701841884553e-01
1.940200426206756923e+00
1.730514131576021075e+00
2.993706236914439600e-01
5.572633325664977377e-01
5.075403331925505412e-01
