1.781644764476373766e+00
7.390600632921633384e-01
1.156171929093303685e+00
2.019409446968083444e-01
1.218340458859169306e+00
8.947887921606008099e-01
1.891950444821584476e+00
7.096773501554984875e-01
1.666371567558003086e+00
2.761793341109757272e-01
1.086525745653416752e+00
2.446543546396617863e-01
4.714187328928272080e-01
6.684843832439337774e-01
3.755994598136238594e-01
5.220851034780413791e-01
1.162892624956346488e-01
7.778822991770177886e-01
1.598082588623720213e+00
1.336122180231686052e+00
1.395878866538264429e+00
1.563916654409469142e+00
2.616847025626527490e-01
1.184082773980919434e+00
1.482486357447512670e+00
1.007963510594334533e+00
3.027801510087573256e-01
2.248580934246842133e-01
1.736954925041246600e+00
1.047832180116194056e+00
9.891223191048359453e-01
7.805124158624776598e-01
6.191385317719899639e-01
1.355368895730730827e-01
1.018251792573241499e+00
3.841500955906105297e-01
1.602036436085890081e+00
1.653868182531155195e+00
5.837884034243168152e-01
1.058408294256973470e+00
1.066378452892084994e+00
2.641724916850458627e-01
7.823354298070075430e-01
1.390304647857373954e+00
9.097693505159769600e-01
1.379036400726804334e+00
1.179492937544018183e+00
7.047988156073872190e-01
1.435489320610536357e+00
1.038328149762204333e+00
1.833613637382374151e+00
1.070859985398136871e+00
1.355234262345311524e+00
1.278276902341254129e+00
1.192542143312515623e+00
1.856963727964864752e+00
1.977457974180950373e+00
1.476087000130575255e+00
5.056237861711521120e-02
1.749840951498215169e+00
1.305495333865818619e+00
1.768160135774271335e+00
1.346838585539258837e+00
1.170758604037353212e+00
7.884270056810138705e-01
1.601958752509807571e+00
7.712764459622651891e-01
