5.638527868748708372e-01
1.104281563576340108e+00
1.603110876689382458e+00
1.013478782814724255e+00
4.360034067402156488e-01
4.433446508538194664e-01
6.700108270414975031e-01
1.137615688224609567e+00
1.838851763449039112e+00
8.253846263040234277e-01
4.606922612447248433e-01
1.514877847586033610e+00
6.647071505845816297e-01
8.894497120221815933e-01
2.381096540949498852e-01
1.059178383153295488e+00
7.976313527268494852e-01
7.221312598209248534e-01
5.252458605814718240e-01
9.709795086663368657e-01
1.228616295414930892e+00
6.482425105247204833e-01
1.910922559830512402e+00
1.664320122871405960e+00
7.890085218544524714e-01
1.152832594128107679e+00
7.978577906285941879e-01
1.326688774313869779e+00
1.152496066721336199e+00
1.887837423844936247e+00
1.339451875741461073e+00
1.274283412939296145e+00
1.046205930223202074e+00
1.066204422942863328e+00
6.991057346049349697e-01
1.349595161387476594e+00
1.337811203046674002e+00
1.273718568037569554e-01
1.378091114462828060e+00
1.732977545007292619e-01
7.230241852836916117e-01
5.817109031670448793e-01
9.121990032387463643e-01
1.303932481707260838e+00
3.329132409542685522e-01
1.506546092646205093e+00
7.358051613212892583e-01
1.357697072216752954e+00
1.113106602122972966e+00
1.056276701443600974e+00
1.157147570118640889e+00
1.183462672342095789e+00
1.875461327736438477e-02
7.411048827641844028e-01
1.339211115610177139e+00
1.852754585583519020e+00
1.671499298614661733e+00
1.420966783593587746e+00
7.197450459709964221e-02
1.140669848976859413e+00
4.371693033359527192e-01
1.565521111113582275e+00
4.966493259200754906e-01
1.742334619993936684e+00
1.483335551682639863e+00
1.946663129570587181e-01
4.273858470689981814e-01
