1.804529791203851818e+00
6.434145647892108855e-02
6.834205506519581697e-01
3.884312926463171500e-01
1.805272300026731003e+00
5.514628741285338975e-01
1.265955251832225237e+00
1.279108966019534943e+00
3.600857854313308515e-01
5.908599727037033844e-01
7.741866333426870028e-01
1.555156408055252903e+00
5.713136142708816756e-01
1.988587213413701704e-01
1.607266826062231146e+00
6.797167819953253698e-02
1.705692025478849239e+00
4.211794710190033264e-01
9.850740767832837363e-01
1.863503376902813535e+00
7.486916101970257920e-01
1.614702875354268485e+00
8.082000110467437715e-01
3.076151358618206544e-02
9.718501041407199281e-01
1.641608262941083307e+00
1.552424064764830636e+00
1.683166632602730584e+00
2.596781467827722345e-01
6.891241091196178559e-01
7.393424696291872600e-01
1.685411733600086226e+00
1.973966139767914019e+00
9.391561797591947425e-01
9.030862518432902775e-01
1.552560301432417411e-01
1.836795379308518772e+00
8.393081706248231022e-01
1.933461197188433900e+00
6.926247585848264166e-01
1.704720736198064301e+00
5.410461912975028653e-01
1.254650925845836262e+00
7.091634988921682314e-01
6.560148004063663940e-01
1.907620324996766481e+00
6.433317081037168705e-01
7.705597187110160284e-01
6.943219728284271142e-01
6.802838091632525952e-01
1.638188230989480854e+00
1.926116145783149936e+00
9.277672355006796323e-01
1.663390840709602081e-01
1.680600446088300615e-01
9.434256359689565663e-01
1.897384919059311503e+00
9.920869233656635089e-01
1.136027166871315774e+00
9.491757597451750961e-01
4.111524488409510347e-01
1.101302523453048909e+00
1.706111119296338519e+00
2.245359372572774959e-01
1.916864266218196278e+00
1.990194641148183674e+00
9.072377287727029227e-02
