1.789518355885651335e+00
6.091871698337212315e-01
7.797590666403637627e-01
6.385014551628422907e-01
5.889662438933860322e-01
2.308843101146562660e-02
5.669518977976193419e-01
1.461917428017227127e+00
2.917630349009030510e-01
1.388657017085570544e+00
1.778235293206191336e+00
1.903056580978854218e+00
6.034218800912984904e-01
1.181501332646636815e+00
6.826356072627040028e-01
8.612711709983491559e-01
1.892690984324633785e+00
8.564364865761491252e-01
3.228392368371917343e-01
1.921330018980423215e+00
1.512496373987596510e+00
4.330008970647720723e-01
1.774548680575054771e+00
1.066778605827939153e+00
4.881332523253467670e-01
1.617040191496788459e+00
6.906208118137597829e-01
1.906730617667498962e+00
1.914850641059274938e+00
1.103669896499164249e+00
7.737605542854932850e-01
1.037485370492383652e+00
1.507440066081461083e+00
4.758825627320573126e-01
6.505161171638578210e-01
7.627716535662121267e-01
1.209250133857109333e-01
1.174100294468188643e+00
1.234001669412855495e+00
3.184045256949441516e-01
4.063164000261587638e-01
7.596170349049846671e-01
5.218678349750613954e-01
3.058625094043732062e-01
1.515793120486683243e+00
1.416786656206591388e+00
1.971187607075535642e+00
1.738637356003152057e+00
2.704300813730671216e-01
5.267023592283366362e-01
9.484985323861976347e-01
4.210600116374636492e-01
9.018029522375963225e-01
1.790759966696291450e-01
1.065081052586242194e+00
9.313654653743430600e-02
1.821978686031038741e+00
7.916548215011114387e-01
1.147046744581134980e-01
1.932032041915990206e+00
7.702441908241626223e-01
1.563540349969680499e+00
1.842714412324514051e+00
5.992323428637376104e-01
2.229208384132412846e-01
1.714224667438176919e+00
1.846224823129729575e+00
