1.485099534320509562e+00
1.272966876401644409e+00
7.710160900769316150e-01
6.410390484264949507e-02
3.830304420043311175e-01
1.840513087890492727e+00
1.367386565136024412e+00
2.417821195330587258e-01
3.786296937249478134e-02
1.660794285430422956e+00
1.113624297405755748e+00
4.127784150863655910e-02
1.073826064895680332e+00
1.792135366889056058e+00
3.999866458034539995e-01
1.865982271097346157e+00
1.309992848343746630e+00
2.359388269357962642e-01
6.791953049331440617e-01
1.651349985174454638e+00
1.634335594321827401e-01
9.216128343860257033e-01
6.841016017441239327e-01
7.528165530320025667e-01
7.081218511201727850e-01
1.110116447827620423e+00
1.588378397526893693e+00
1.770819612124411524e+00
1.016324612478460399e+00
1.091174975444944018e+00
9.294315410190372440e-01
1.810813801144620427e+00
1.029452064545469447e+00
3.894625319387587936e-01
2.965087077634227519e-01
1.385674546196807189e+00
9.310813693056112506e-01
1.607792737533015881e-01
1.297664240854310425e+00
3.227938931970499858e-01
2.597763552103486973e-01
5.333599860565518824e-02
4.937240032995711125e-01
1.733355580362887949e+00
6.046163395594135181e-01
1.283392774114639590e+00
8.741732922256795213e-01
1.883626411741411211e+00
6.939807768254655507e-01
3.754655861926048388e-01
1.967849597804611328e+00
7.173461479495299997e-01
1.433222850343094823e+00
1.107031578979948083e+00
1.254521539636090921e-01
1.827595036073374146e+00
9.063843032349510054e-01
1.738685695176912294e+00
1.697476904989223545e+00
5.661733618330613282e-01
3.683657581492250088e-01
7.573625964580217307e-01
1.855983246853025737e+00
7.480820894498716456e-01
1.596405405136283040e+00
6.132588691781282186e-01
1.934934776293352865e+00
