5.154510496899091798e-01
1.546472585600144445e+00
1.859904321254032045e+00
9.019860306805180805e-01
6.257768879240255266e-01
1.458980367554891355e+00
1.997511769768616219e-01
4.810830827325562886e-01
3.452019542382553929e-01
8.782864492957020985e-02
9.333453942446299223e-01
1.748821183947941726e-01
1.242468407282923959e+00
1.904216907466872666e+00
8.148181449370817120e-01
1.041707721173483314e+00
1.477156955816201211e-01
1.033588952311802256e+00
8.821462463385976172e-01
1.079637797415629930e+00
1.537874514150869398e+00
1.036319484798583268e+00
5.892225584109644920e-01
9.237514919173772654e-02
3.440688985988225035e-01
4.633219692601815431e-01
3.287789020028015763e-01
1.198981730929302270e+00
1.817426151627813624e+00
4.138524681865747290e-01
3.260406614101234446e-01
3.032328447627183898e-01
3.499493733385818928e-01
3.642945856407031613e-02
1.635732697916644884e+00
1.234373965114432092e+00
3.342063684895921760e-01
1.150831502898033598e+00
7.146953271097409299e-01
6.993700464802601324e-01
3.502362308867228435e-01
2.273411951535888598e-01
1.961889587094179710e+00
7.449251323470478248e-01
5.459706375081201379e-01
1.044390085054986983e-01
6.243382609691967566e-01
8.095697251066891198e-01
9.111111487233536366e-03
1.867416647343910885e+00
6.731268364481701738e-02
1.418679011642838717e+00
1.622238366952086341e+00
6.619602750605548813e-01
4.795522829852982838e-02
1.974974120528322441e+00
1.269346228730899639e+00
1.751982919506927860e+00
5.268632021098680340e-01
1.582278667590987009e+00
6.503972375881308388e-01
7.760729251653581962e-01
1.714636966907230331e+00
5.064612619730546328e-01
7.851549010300669096e-01
1.374307011432636116e+00
2.104565579261690189e-01
