8.564807370579963219e-02
9.969915014185772861e-01
1.556506182076324851e+00
7.231038220622241219e-01
1.319067809643835965e+00
6.906624885388450430e-01
3.688935485359192690e-01
1.755847949314753187e+00
1.095950909830835762e+00
1.779280218094773325e+00
1.729926264619260579e+00
1.356832201876537969e+00
1.234884190156892547e+00
1.430118173915517321e+00
1.498718456007521294e+00
1.772684713039683224e+00
1.849076094193623288e+00
1.447396121736614916e+00
2.231323569650460747e-01
1.067349283139596317e+00
1.798542761438011173e+00
6.760605718033203537e-01
1.267311780543791677e+00
1.667056448289963022e-01
7.739011653975280680e-02
7.069203823862650893e-01
3.007801457584111660e-01
6.728828935881132622e-01
6.511757963147046802e-01
2.432765288643383705e-01
6.584832539736575896e-01
2.869329451329223346e-01
7.198770052514738005e-01
2.287817822316338123e-01
7.304449771756909016e-01
1.724649819105170678e-01
1.760938175067433331e+00
6.398568663840582538e-01
2.920310758845090504e-01
1.031143771121468600e+00
7.831865418374492904e-01
9.748077757469806315e-01
1.341984993787376013e+00
3.498403486324233036e-01
1.788829563665899958e+00
9.310664205515468694e-01
1.619900245963391328e+00
4.177970306013856217e-02
9.613322226254465974e-01
1.955393128925243307e+00
1.097451244670526904e+00
9.637851874028360299e-01
9.139156433868786955e-01
1.058741817331457113e+00
1.258363300566703202e+00
1.539738046514756764e+00
1.599069753082834389e+00
5.064760810162782789e-02
9.162069854499859112e-01
8.364187903597142260e-01
1.650875657651291739e-01
4.069516615883439492e-01
1.265113448296583787e+00
8.904333919482976256e-03
1.247919472594727353e-03
1.467451106688079765e+00
7.425170399108931285e-01
