1.340048828772900880e+00
1.551783219256666513e+00
6.852237339085127665e-01
1.713013691401371386e+00
6.554414819603460174e-01
1.615964057034287471e+00
1.218168645090786928e+00
1.161316759956533939e+00
5.405498388872720383e-02
5.593660152159496413e-01
1.790306095913376083e+00
7.310785084358157881e-01
7.168596137977889526e-02
1.293054203929766111e+00
5.051203148231282469e-01
1.883109510317019453e+00
2.604404226685597123e-01
2.202303753919880869e-01
1.432729706160891681e+00
9.880128469903262101e-01
1.756668443303188720e+00
1.218728250156979165e+00
4.656639590196309797e-02
1.339323608092032103e+00
8.052547588487306562e-01
5.249381869547331547e-01
1.407522579358878811e+00
1.425345000324736766e+00
1.941313981096235874e+00
1.181983060805404939e+00
1.718079829318840179e+00
1.356607898274513779e+00
2.656640942632706448e-01
9.772216885942777154e-01
4.852126191314107828e-01
1.164056999437808049e+00
7.135123728126426812e-01
5.814554886534977207e-01
1.698903861305618435e-01
1.282708614830532667e+00
8.531364866765525079e-01
1.916172656829662646e+00
1.016246318764906675e+00
1.261688197268862055e+00
5.983793144990627866e-01
1.344057321589975373e-01
8.246130806632425703e-01
1.630083339196883863e-01
8.489409174977118333e-01
1.225014223947071823e+00
7.135663941098213670e-01
1.897404868746015438e+00
1.363708123956326013e+00
1.054106706705562502e+00
2.032581621141615891e-01
1.574901383742926431e+00
1.781151239754443782e+00
5.121983057098571379e-01
2.246772870898672281e-01
1.771510405070674921e+00
1.337484195092811134e+00
8.921496788467297989e-01
6.738048083992627113e-01
3.744187804774044004e-01
7.807877946692163285e-01
9.951044569340203871e-01
4.618293753805424728e-01
