1.991076986997668996e+00
9.841395971426809552e-01
8.270797056987655438e-02
1.204540095228696650e+00
1.497080718857954018e+00
6.029444677278172904e-01
1.974175736401148296e+00
1.460827201747161741e+00
1.279985463505676879e+00
1.526980060748499568e-01
2.225578263594125694e-01
9.852606865911277545e-01
2.894544931481974892e-01
6.173745187829169367e-01
1.514594838875025218e-01
3.388237584944451264e-01
2.527033799162263783e-01
9.948810429937440247e-01
8.495715690884519944e-01
7.354599126781664609e-01
1.102441358539913097e+00
1.165043508832909858e+00
8.894255234988279746e-01
1.171021458797337988e+00
1.227864514498807846e+00
1.028916629176991115e+00
1.452076942757854816e+00
1.068385252611134817e+00
1.872534135060734517e+00
4.434857593332823811e-01
3.199214752712413734e-01
1.936911272840054377e+00
1.006197743428911107e+00
1.894526027854238848e+00
6.254529450306094418e-01
2.363120208833011660e-01
1.156988977357468862e+00
1.333739887384425948e+00
1.785637261670112164e+00
3.882428334905974054e-02
1.778066967062983394e+00
1.199379116495275177e+00
1.489447000757600836e+00
1.259037900995150672e+00
3.307664074739968818e-01
5.844092493782482300e-01
1.756005541851313190e-01
1.638139252386608291e+00
8.741225961209551087e-01
8.750901530068491141e-01
7.112935362300523146e-01
1.870258517657674258e+00
1.517942569008599918e+00
1.810322333428392216e+00
1.344984974015521750e+00
8.738374345239257046e-01
5.646338151360170698e-01
2.848553589282865062e-02
1.793777193837705841e+00
9.294696342490817997e-01
1.606526054667170023e+00
1.464875096245837671e+00
1.146373188710595681e+00
1.440130309358327310e-01
9.808874025500395888e-01
1.692057089204038522e+00
1.013294963201854415e+00
