1.538630356939106214e+00
1.099485580163330312e+00
6.712874726813868875e-01
2.535700175851394178e-01
1.532241375378336823e+00
6.573707849589554009e-01
7.737008295664216107e-01
5.529475123899034728e-01
1.474594790858933635e+00
3.478525242349403968e-01
1.352050207679871274e+00
1.709426521795574416e+00
1.691248833967871956e+00
7.881752206306904540e-01
1.887009363016723729e+00
3.067685747928026174e-01
1.721059481173965455e+00
7.865576789400243740e-01
1.270546799228747581e+00
1.077666687603217710e+00
5.006293232538983062e-01
1.574466504018630530e+00
7.978114007677592490e-01
1.469141317485993081e+00
2.581184019455360357e-01
1.916729167773280729e+00
8.860026112143621901e-01
5.926204055669961335e-01
1.819225828347476703e+00
7.395921555105937628e-01
1.314677557609118086e+00
4.293016250701437997e-01
1.231408874748910698e+00
3.386636069447135355e-02
1.250545413503117320e+00
5.214425386690590969e-02
1.279937506743373365e+00
1.890897608900921067e+00
8.167078813499424328e-01
7.567120767523665137e-01
1.132857594519125044e+00
1.855531114353452971e+00
4.603091346420962182e-01
1.214119941504262723e+00
6.183193275799641064e-01
6.388621943418826277e-03
1.964853706726806593e+00
7.599794549189895498e-01
1.021364199658262972e+00
1.443551920778888054e+00
3.199631240963589640e-01
1.163636831401245963e+00
1.685404202647708516e+00
7.233458110029826749e-01
1.855969844569835825e+00
8.407211619698595761e-01
1.850766791788541532e+00
4.313591486970733690e-01
1.424101733797332070e+00
4.702126897835032793e-01
1.658628999256587910e+00
5.122551174806377894e-01
1.341439901538004520e+00
1.765482463120982004e-01
5.296621463930728524e-01
1.631955734000827718e+00
3.976536753605852681e-01
