1.974312713212633685e+00
2.204402842062127554e-01
5.178076218317944068e-01
1.847241191290848406e+00
1.844618319078775937e+00
1.360450386492693120e+00
2.845123163560199231e-01
1.746132769925805572e+00
1.022135603696522121e+00
1.528453984427546430e+00
6.310462870399868862e-02
1.974041434092404401e+00
6.135400142842786231e-01
7.677414324887918973e-01
7.730650891852048900e-01
1.386708395727872745e+00
1.585613692889577653e+00
3.226200718570888526e-01
4.515954658590262127e-01
4.118471420937730443e-02
9.780106611262646688e-01
2.202324493016085682e-01
1.198562673571645476e+00
4.891891626916224922e-01
1.236360341536974161e+00
1.532267330601483568e+00
1.645276026825973847e+00
2.164691797263245121e-01
1.318301113353742338e+00
6.471408399568598924e-01
1.486062613724982828e+00
2.577159440912653032e-01
1.029425758679891167e+00
1.452022860211492183e+00
7.139518799134898508e-01
9.472469395726319519e-01
2.086206472064668915e-01
1.758828323960946349e+00
6.997062270081717550e-01
1.424305025226420440e+00
1.648983529785188917e+00
6.214366386977738799e-01
1.053179926435263702e-01
5.864909713585175766e-01
1.626895315086150706e+00
7.990157544443254878e-02
7.407950796828104423e-01
1.311978789150090030e-01
1.373051100748157172e+00
1.766520864721168760e+00
1.946434768080377520e+00
1.401013277075584540e-01
1.795811781250801875e+00
9.831399348755605061e-01
3.887765543670189672e-01
1.912557550613691593e+00
1.964601801706970186e+00
5.555215043107897266e-01
1.152675650623357306e+00
1.435945519896533185e-01
1.141368028905409115e+00
3.049382564769116399e-01
1.253059864156146119e+00
1.968940812796500239e+00
1.243010548832053530e+00
1.109158096559511808e+00
1.589372880138631317e+00
