1.534895904005086020e+00
4.281438244346889022e-01
1.647655314759561396e+00
1.342887912848791832e+00
1.589001110862805710e+00
2.435778311507039717e-01
6.679462013433190570e-01
7.431018448494262074e-01
5.747263479795718943e-01
1.819584890174284819e+00
6.133738302877884685e-01
1.181411096916794357e+00
1.885429895546463452e+00
6.983514632932297239e-01
1.003081794125810777e+00
1.710946556841999033e-01
9.823059937214404513e-01
8.981758578354677169e-01
1.007335395278823764e+00
1.588765721985053947e+00
5.475197644958504917e-01
3.308132758500548221e-02
6.653855393969694276e-01
1.498692294587837370e+00
1.910829743683442494e+00
8.395961891647227837e-01
1.524466168888932049e+00
1.085475095778903665e+00
5.475620008499517688e-01
1.568590189407654378e+00
2.295271114884878116e-02
7.477929124403215333e-01
4.930418393921476294e-01
3.807199122078754883e-01
1.929852479110585772e+00
1.681707614672403928e+00
9.727518117019533506e-01
1.829667674088369278e+00
5.990732846778805687e-01
4.205773219150104048e-01
1.463496163407789652e+00
1.669039520856763659e+00
8.937093390688604089e-01
1.502513060897827213e+00
3.718809721394933376e-03
9.406837321422374387e-01
1.680520762703958226e+00
1.061956015503001449e+00
4.390945942188846374e-01
1.428435377169489762e+00
1.143734090352579447e+00
5.732687830552336550e-01
1.609015089138313925e+00
1.856414202541732728e+00
1.721546121951198494e+00
7.732801866756697784e-01
1.381483094772795184e-02
1.618282459891454028e+00
6.916640600376435799e-01
3.770212714814311639e-01
5.267988389807642946e-01
4.885566563868408707e-01
1.219713225688082048e+00
1.924420373833300779e+00
9.511991032512367994e-01
5.067144528506499768e-01
8.166707134095494425e-01
