8.187874502404568489e-01
9.474414227811820410e-01
1.143505565826492543e-01
1.139328124056611991e+00
1.826265861097050802e+00
1.536978555463857088e+00
1.991239850700104785e+00
1.165141241344462841e+00
1.598927544590690975e+00
2.503947262851329292e-01
6.273347979767813776e-01
6.421609665610765738e-01
5.942510871341650791e-01
1.898474621619115510e+00
6.366205008578522673e-01
6.099850159862580945e-01
1.855040949444079601e+00
1.391577448652596249e+00
9.686357409410302211e-01
7.094650670904716350e-01
5.035610645143449027e-01
1.605455261528222266e+00
1.192236865945099478e+00
1.925207038285086103e+00
8.950917690064756904e-01
9.986263166894935317e-01
1.990527536494431260e+00
2.289631137678047601e-01
2.960996031244418347e-01
4.797163889090567679e-01
1.417242360950563107e+00
8.195178486304124377e-01
1.586827595732615226e+00
1.412379080733137560e+00
1.053117911300655241e+00
1.501996514419987161e+00
1.293121136997996690e+00
5.628729558264722321e-01
1.389587566332513902e+00
1.168176775304018644e+00
1.014859249446459444e+00
1.672783102409593159e+00
1.008069614349647924e+00
1.464136007604781575e-01
1.773558743491618461e+00
2.530082466347747250e-01
8.906468503694364713e-01
8.029638160899410515e-01
7.126681810916819515e-01
1.144882518290257334e+00
3.413653016084681191e-01
2.206178911247835828e-02
7.860110880617914297e-01
1.035854818675242761e+00
1.320925504741760736e+00
1.324843063613859506e+00
1.863519155080219925e-01
1.804682439724878407e+00
1.179504260198140475e+00
1.200412260023953070e+00
1.769481850181508165e+00
1.977985809504904324e+00
1.851156348519523931e+00
1.962904447463732271e+00
5.048393334200742544e-01
1.467587159920593187e+00
8.981714256726176515e-01
