1.087897049925574677e-01
1.726032727807246481e+00
5.398362823487299345e-01
1.576251549348106185e+00
1.702776676652546950e+00
1.301134267438977865e+00
6.860960615771785065e-01
1.496180806183609491e+00
1.793852071680967608e+00
1.216677610792864073e+00
1.624549179125990506e+00
1.015707036159201326e+00
1.505501268404558779e+00
1.031424492072216204e+00
1.230338095374687857e+00
1.901907780217024779e-01
8.543209685354562488e-01
3.424675461731152559e-01
1.751550197901231343e+00
1.855802872107002788e+00
4.448591483128394586e-01
1.115706615847903205e+00
6.596840929769633988e-01
4.477339951897674197e-01
1.954570023838270387e+00
9.159142648572458079e-01
1.725356811338556007e+00
1.943868728636835019e+00
1.732419170397343944e+00
5.938264695038344421e-01
7.201950750411620916e-01
1.318832976324709971e+00
1.669938409169711147e+00
1.963773700481228346e+00
1.864269977817218482e+00
1.448709292742855759e+00
1.831799105900492552e+00
7.259595648525860589e-01
9.292707201315351107e-01
1.033337379735672634e+00
9.592487172624823977e-01
7.643917955372150352e-01
1.915726427944745680e+00
4.935797375835537792e-02
1.712784367624542003e+00
4.232803313124757771e-01
1.401470482242157534e+00
1.366619423665239363e+00
1.643833449542115410e+00
1.796568224093932464e+00
1.281782660811423114e+00
1.697725747311128242e+00
3.933168757329172927e-01
4.046717782586668477e-01
5.850931469170648214e-01
9.743387680345305668e-01
1.781931905926636972e+00
3.886268291810037745e-01
1.999672946269683838e+00
1.892594760876496363e+00
2.020198371838985985e-01
1.466684083072503419e+00
1.898363401229195890e+00
3.774657309455062837e-01
4.052395036242417703e-01
6.787472979146826901e-01
1.484078694625718509e+00
