1.563987665214506606e+00
1.625455329236677571e+00
1.732268794631360631e+00
2.753470989389681378e-01
7.746177767795674463e-01
1.022201091752892310e+00
1.672507139909086060e+00
3.073152024129037763e-01
1.937634794904492974e+00
1.065913166270839429e+00
1.739253929517119879e+00
1.410806760602572041e-01
6.188954494750578128e-01
1.379119906812245500e+00
1.426059136721927967e+00
1.206748039421738916e-01
1.347836896161040965e+00
9.303849994728001782e-01
1.642032089183684818e-01
4.092009961696763121e-01
1.860967964267442820e+00
1.206619996131738759e+00
1.863909683672007045e+00
3.457292056923031431e-01
1.788655139241879688e+00
1.731728181359514451e+00
9.579136341197140858e-01
1.625065037098387233e+00
1.402888601245623423e+00
8.959738975472530953e-02
5.957164880635223980e-02
6.938844275338018619e-01
1.771381541852550701e+00
9.326445142705455105e-01
8.704081677080259816e-01
1.391756566702910813e+00
1.426269380663466091e+00
1.777451689809540269e+00
1.779230588504128185e-01
7.690708132667425367e-01
6.454008287840093949e-01
1.312946642518702856e+00
1.600908906212032079e+00
1.708333721915396897e+00
4.554493298365320797e-01
8.338539824961221925e-01
8.978987576587478259e-01
6.383362095056739349e-01
9.368471804506928180e-02
1.628255004229225200e+00
1.068104268221308661e+00
8.929245513801005174e-01
1.674347117458969247e+00
9.024183825448348628e-01
1.579739976845411231e+00
1.307004630742348184e+00
3.329658630973275635e-01
6.048974931112103270e-01
3.760273403855696195e-01
4.815603593063579879e-01
1.159105279648203091e+00
1.874168661300715577e+00
1.324792132914813347e+00
4.428015538040597221e-01
9.284372008844279378e-01
9.857810895655632066e-01
8.258615686261578936e-01
