1.738554190014697465e+00
8.654826126150449994e-01
5.613697370153292177e-01
5.879809785149503476e-01
1.394913197146244066e+00
5.371155844114472444e-02
1.248459940748342323e+00
5.115279084906809715e-01
4.422197195986843354e-01
1.851018879437926756e-01
1.926273943918324072e-01
1.075186351069017832e+00
1.070597016081491937e+00
1.448512364054641122e+00
1.469738029981337846e-02
2.833756018127964182e-03
1.751925765901518606e+00
6.579055329622325310e-01
3.497060933701159335e-01
1.800982928343503264e+00
1.386518780497072889e+00
1.309294344741704474e+00
6.709847421318033689e-01
1.723587842808544934e+00
2.202842873356130049e-01
1.227772578227353417e+00
2.690483255248681260e-01
4.391498885380431538e-01
1.758797270621456299e+00
1.872058974414704036e+00
9.971803899834670304e-01
7.268444757909620080e-02
7.790576053576723226e-01
1.680759127657603269e+00
1.226356442514265233e+00
1.813175338166130413e+00
1.446590588796416554e+00
2.549785353739433269e-01
3.693297706544820258e-01
1.899943831502039160e+00
1.354514077517315673e+00
1.002412936796071907e+00
4.064970325252388328e-01
4.307094792843160214e-01
1.698246232719344828e+00
1.822402602305023489e+00
3.492631718801009200e-01
1.676989215258049892e+00
1.119409002815707321e+00
1.995732056383066499e+00
4.690676545346894599e-02
2.601656981730156026e-01
4.431464810700522783e-01
1.911119685460846540e+00
4.814684062136853626e-01
1.523277704195317384e+00
8.052507536362334406e-01
1.950308078100862375e+00
1.967073347309046927e+00
9.120204000598612915e-01
9.497547635899743490e-01
4.495878522454739290e-01
7.931452199437187822e-01
1.093772970991558680e+00
9.676522156646814032e-01
1.455886748608711034e+00
1.865212816529787876e+00
