1.799704088626907783e+00
1.141657869385493296e+00
8.191071858244756143e-01
1.764936892656900902e+00
5.202623224579250305e-02
8.503061436783601046e-01
1.368090630951926734e+00
1.412118644307580606e+00
2.541162223460928793e-01
4.181110957116596083e-01
5.378154374641930247e-02
6.386315414778716004e-01
1.825262688338914252e+00
1.603087405765536211e+00
1.631748175480089547e+00
1.423640080679199116e+00
4.077644464820422421e-01
1.122067054210872605e+00
1.298494778422123908e+00
6.224780536762719585e-01
1.635993752319253591e+00
1.724657636992197318e-01
9.856727380157064289e-01
5.788655090239269718e-01
1.135946806536610953e+00
6.703706747862803184e-03
1.444572844723074567e+00
1.025740016931262488e-01
1.837571338008518573e+00
1.739585170944504711e+00
8.841419548518691940e-02
1.839306663729221913e+00
3.995245297248484206e-01
1.949811006069115393e-01
2.314918301980357640e-01
1.177433457720707732e+00
2.619964342427518744e-01
4.595121555325087925e-01
7.883870136206891921e-01
4.995288781888227447e-01
7.663909222525839837e-01
1.272926642775262351e+00
1.400957411193946012e+00
1.977080128778191614e+00
1.235599135951479077e+00
3.691918929019175621e-01
5.837232033114432284e-01
1.890086509370870971e+00
1.261483585809485497e+00
1.901758606986184041e+00
1.852963964200252445e+00
1.497191725139348062e+00
1.453044066673526480e+00
6.704482265401288110e-01
3.896903808438962891e-01
1.467405327668801274e+00
8.707459947517421917e-01
2.766369278947991006e-01
1.379967711032994870e+00
1.570561720642416059e+00
1.617195563341273346e+00
1.913165808982624227e+00
8.238475967913729825e-01
3.034614252965428527e-01
1.821411780663216184e+00
7.769261371649491821e-01
1.511349311858673161e+00
