8.926902808602759087e-01
2.803956787025581043e-01
6.394215063013253264e-01
3.729284079894408244e-01
5.308814551659843950e-01
1.014848850434973748e+00
1.485474533355710225e+00
1.670943865925368144e+00
3.018682824054845781e-01
1.826366037560826605e+00
6.488623988561128542e-01
1.894075961686703113e+00
1.451564208925424371e+00
7.543905529489207673e-01
1.752983841077364602e+00
1.166221858036147196e+00
1.965315752576422437e+00
1.132882482772952670e+00
1.045288697721427074e+00
1.204445573973079942e+00
1.765843904514864615e+00
1.138736489847744782e+00
7.970257991294880107e-01
1.503530309578867463e+00
9.374640712820099253e-01
1.376047087622640497e-01
6.184029084480928695e-01
1.574062415141263660e+00
1.805533512668869633e+00
3.269717344143105997e-01
1.164723984795603684e+00
1.887342625926437645e+00
1.044192036303881466e-02
1.087742905515317382e+00
1.399410066800132579e+00
1.483018921341378249e+00
6.059714091648058520e-01
1.560115739084140696e+00
9.826316233325647076e-01
4.259397935366333598e-01
1.286808452143759052e+00
3.726238515899686909e-01
1.741208506520366406e+00
1.459097350279421335e+00
4.884850520771517601e-01
9.713234092897380378e-01
1.340576379410817420e+00
1.641761406332668205e+00
1.379923192189833614e-01
1.015418519876276182e+00
1.178773737129157340e-01
1.726817256445744686e+00
1.548279156981647198e+00
1.295990821517021718e+00
1.657248623965479339e-01
4.967825002733903261e-01
1.877114104389197902e+00
1.760405909225903898e+00
1.458763615815093839e+00
1.644853585450714473e+00
1.398871937133745025e+00
1.416091300818531629e+00
1.967687111592189009e+00
8.549840291662769154e-01
9.941675436766925777e-01
2.437120755280690609e-01
1.096725453141188300e+00
