6.564757038208712814e-02
1.235687930715851923e+00
6.302303669849873557e-02
4.839150854639258093e-01
4.150428827079042371e-01
1.013499688591916303e+00
1.940854081681417931e-01
8.268644980219082008e-01
1.309571925645001134e+00
1.572652780141290840e+00
1.098681391263971019e+00
1.956173039291881910e+00
1.050253580614399329e+00
1.792406581174229796e+00
4.707974626799580342e-01
4.008372446520969135e-01
3.194336908177186629e-02
1.356910139328028730e+00
7.975689073892779923e-01
1.291014042726151168e+00
7.167289332980164573e-01
8.324950282511243138e-01
1.663741459289415303e+00
1.139941856967827238e+00
3.781557729592059935e-01
1.862706568227805004e+00
1.571952019492703911e+00
1.163745898530939016e+00
4.450315077269864084e-01
6.918179017941357145e-01
1.042316532384970351e+00
1.050606661961360100e+00
5.575928480546461508e-01
1.367154689258506917e+00
1.157564048278475699e+00
9.814101168535369624e-01
7.592652774183421549e-01
1.900082940206386795e+00
8.697609552043417125e-01
8.267781811909280520e-02
1.221940322995839434e+00
8.076766894499387561e-02
1.396786381605366056e+00
9.875789322133705639e-01
1.428659730820744489e+00
1.501096668160416758e+00
1.087027404531866637e+00
1.766487315819547543e+00
1.431817961316384835e+00
1.146429065213410592e+00
3.773025300433419105e-01
1.243404148548727051e+00
1.055095106176157316e+00
1.364913761289170857e+00
6.825079359944905555e-01
1.165312636105956035e+00
8.273190828314000989e-01
1.669875501409197938e+00
4.903025539108170072e-01
1.406704353491379234e+00
8.704312986815780917e-01
1.518479559002445356e+00
1.341993253633221084e+00
1.897502455685034839e+00
1.243287188871971871e+00
1.192709686086883547e+00
1.416361332437250820e+00
