7.551419306325342085e-01
1.192823330874124288e+00
1.669899565105703587e-01
7.036597025744408818e-01
5.948264669766412105e-01
1.699724900762415114e+00
1.599260080216449609e+00
1.196073277999455176e+00
1.510762995163610789e+00
5.137366757028010156e-01
7.042711547233855285e-01
1.057133094140526364e+00
2.075201653927813972e-01
5.823055720655836431e-01
6.758226158563913621e-01
3.207186955283347629e-02
5.173752122661521291e-01
3.093799508143857402e-01
1.454487986461862725e+00
1.940326644169950043e+00
1.788683712486962563e+00
1.540525119313707503e+00
3.965338130517239712e-01
1.785342440791866991e+00
1.162193052865401199e-02
1.097217647855717182e-01
1.169360271736808343e+00
7.954869112168605483e-02
1.532352948592814901e+00
1.553346871391056538e+00
2.589715326097641324e-01
1.499235526921077533e+00
1.569445541128387411e+00
1.404755749414785981e+00
1.335947812467894735e+00
1.653861747429768769e+00
6.855367633758895352e-01
1.240792321161538592e+00
1.558455062878477460e+00
1.853778502475512902e+00
5.667125816844467145e-01
1.027704870919246005e-01
1.620165977920708933e-01
3.709713410100938802e-01
7.671610463063993635e-01
1.564722665749411323e+00
1.866649914993979475e+00
3.725306389424152265e-01
1.471325914771091092e+00
8.927195871239215208e-01
7.565906352121416489e-01
1.358684361617747083e+00
1.391270855994669819e+00
5.596156866801886842e-01
1.365391490438804034e+00
1.385644555010484780e+00
1.898391648934909526e-01
1.306870351985327083e+00
1.351860891078545013e+00
1.128972977894286078e+00
3.030957396015949712e-01
1.347025344779857914e+00
8.038001582003042600e-01
1.313898399128858863e+00
4.272836793912819786e-01
1.213799627828504590e-01
4.636059047996563542e-01
