1.579064104656128453e+00
1.891503603394354638e+00
1.228565138565650194e+00
1.856390216282805650e+00
1.944011541971207180e+00
7.966380872746419151e-01
1.484502887285155115e+00
1.032588823910656206e+00
1.492203415201436290e+00
1.468352959606917807e-01
2.388920863710786158e-01
1.716672655881798626e+00
9.353677470038235242e-02
1.169225855526782265e+00
1.203079907960358241e-02
1.769986877395036018e+00
4.704818820019451842e-01
1.960576089277958900e+00
1.518519367799920250e+00
4.724672710831163691e-01
8.159240541390881951e-01
8.177980137488489731e-01
1.330883207821120351e+00
1.174649541294849442e+00
1.344035119712276849e+00
2.204030434171233566e-02
2.061307198651931571e-01
1.537165472194011784e+00
9.711723080503347205e-01
1.522018476146384636e+00
1.705348513919004994e-01
4.738459837536002084e-01
1.561023174199416275e+00
1.900954916528906136e+00
6.502972943025686625e-01
1.817967226729780617e+00
1.887594741402775167e+00
1.590889392243983291e+00
2.265279064404981391e-01
1.652588053397229473e+00
7.250696164689278689e-01
9.704879062307649740e-01
2.900928984479733685e-02
1.451037351112494100e+00
1.370566720739217814e+00
5.994072759108526327e-02
1.707390075947320174e+00
9.989649552366639540e-01
1.315024654751530520e+00
9.805284238902389760e-01
1.260772362388000278e+00
1.295177970951917334e+00
7.169206188285759396e-01
1.274992465777036177e+00
2.736543269945297396e-01
1.741314314105574024e+00
3.734333520842461063e-01
1.135527393042736755e-01
1.112417344233786576e+00
6.361055057833642223e-02
8.449556777238398375e-01
1.690171038707920736e+00
1.014789930146040131e+00
2.177694253084481169e-01
4.081048172310994815e-01
8.417217988856489086e-01
1.113380259257636951e+00
