6.517968604491701790e-01
3.436932711669911100e-01
1.895062427113570092e+00
3.710442942897662633e-02
1.501634825138157936e+00
1.638516156936362211e+00
1.793351308631535801e+00
7.766279958285204899e-02
4.436093965298573139e-01
6.471229663851594260e-01
8.356378305087730496e-04
2.843896023497727299e-02
1.989510079994082137e+00
1.687304587542259871e+00
1.299949279419946091e+00
1.874882828631783127e+00
4.086457415149307160e-01
2.387834302675462261e-01
1.132546067143122670e+00
1.001292371680702953e+00
1.732627330486300465e+00
1.812526484821017636e+00
7.021191084458555665e-02
6.869220469806940343e-01
1.153950584428184989e+00
6.333835684051991599e-01
3.484461813071555447e-01
1.597858485701598941e+00
7.741763025629393447e-01
2.010946259690071791e-01
1.228022180755845572e+00
8.202052730557460869e-01
3.682495046694476137e-01
5.559752027752162817e-02
2.642570796993721771e-01
1.101504219460809786e+00
5.251727934145362653e-01
1.072936139063377592e+00
1.280319583228216818e+00
1.530848135864859572e+00
1.962067978738846641e+00
1.282228867582886789e+00
1.275592723770956116e+00
1.316489777932756677e+00
6.385493615892396946e-01
1.356863158498861743e+00
1.907769478855086742e+00
3.764394001195134898e-01
2.704493795805609224e-01
3.973516210226679668e-01
2.858979590672974247e-01
1.055925827298081821e+00
1.097550985930532352e+00
4.808692030833796593e-01
8.266873406886121600e-01
6.687252565457768583e-03
1.596416465555190456e+00
7.150135419927794445e-02
1.860258516981803112e+00
1.016120948614887443e+00
6.318826408080644441e-01
1.467115785704594888e+00
1.498032939897531612e+00
1.319247061426393142e+00
2.039400049394162195e-01
1.866038349282006514e+00
1.028199558388296353e-01
