1.758423077601316553e+00
1.382200515158422682e+00
1.160250546431164320e+00
2.732683753954319172e-01
5.186775902080706935e-01
1.981870605925436735e+00
7.226152962334402297e-01
5.432800215835476010e-02
1.891643812254381274e+00
9.966075042670929918e-02
1.909066709005591722e+00
1.112908896272905679e+00
7.488367815450946985e-01
1.643796378136443082e+00
1.521080056592494678e+00
1.637381863358638334e+00
1.104535714575240135e+00
7.111997735893207384e-01
8.488897575706970677e-01
9.959613395451594187e-03
1.211860466421674776e+00
1.008878022009698228e-01
1.436755135500042968e-01
3.223965267984350014e-01
1.428978424006724257e+00
3.396541739355223299e-01
1.878610341445063003e+00
1.011193347589860903e+00
7.642192225450616938e-01
4.721205093923837026e-01
2.450120923804330886e-01
1.297035358128334703e+00
1.299151078797952330e+00
1.485868015077012050e+00
2.930017082676159568e-01
8.443091412107301963e-01
8.764861860909616276e-01
8.535530405354543326e-01
8.592754158428927980e-01
1.822416061679664967e+00
1.839029588089835521e-01
7.915587855614627522e-01
1.261366522342263430e+00
4.294713065869486535e-01
1.491465515284948307e+00
1.177693341222478818e+00
9.968751266613611328e-01
3.216021346591060315e-01
6.785095286248750135e-01
1.126997604608809489e+00
1.724711461008731295e+00
1.271039490902371227e+00
1.998910156164598551e+00
1.980035437611876059e+00
1.066712143873070673e+00
7.669862082411098569e-01
1.153299144696585010e+00
1.080192793778262494e+00
1.227078830621703975e+00
1.060469375013767479e+00
1.291189297141662973e+00
2.531899477365668893e-01
3.489523278275497020e-01
3.214402912457123840e-01
1.474367527930066313e+00
1.928604896267169799e-01
1.890901265262177056e+00
