9.631138347792553844e-01
9.397192046497764295e-01
1.169983112533448999e+00
5.350312114844562039e-01
1.143221893691336533e+00
1.800514611357263650e+00
2.477219135299928432e-01
4.856415786130519052e-01
6.847103379346375363e-01
1.943013688379842563e+00
1.867478716197674693e+00
4.881988251783537791e-01
2.372799108111398603e-01
1.915703487382818704e+00
7.707069930744125941e-01
8.779961656442472062e-01
1.220312981530912833e+00
9.458166411569854937e-01
8.589625315754214618e-01
1.591495377908604958e-01
7.155072644999331821e-01
8.435279308382068741e-01
7.286857954179315477e-01
4.715649073803227509e-01
6.480756004078669363e-02
1.297217265971925215e+00
3.205679041245845795e-01
7.049020088455009159e-01
6.618867429876695851e-02
8.844487674721426274e-01
8.946173485810224868e-01
1.341035400442549541e+00
6.421856463165922513e-01
7.792530126453200978e-02
9.538673869136351513e-01
8.422258774695317030e-01
5.649968858600975530e-01
1.666562004971900546e+00
1.219482662100373371e+00
1.335929126472290562e-03
1.939915212566587055e+00
3.003479565832027909e-01
1.055495645238720304e+00
1.277930039676427487e+00
1.721507454628895761e+00
1.620550863252079754e+00
7.265410382863652927e-01
8.660028889726660850e-01
1.417132011849788320e+00
4.518758790817263282e-01
1.170296493885728317e+00
6.657384054645110183e-02
4.139762895328971126e-01
3.184641464220319129e-01
1.304506347713576986e+00
1.545065667279614807e-01
7.805447723118841274e-01
8.267782752606107621e-01
1.421776991722838890e+00
5.875232647786527984e-01
1.940210186520012314e+00
1.956438403342700472e+00
8.024467034668401055e-01
1.710211788586829318e+00
1.182316452263184825e+00
1.587549807270024704e+00
6.714462771759555082e-02
