1.928913870036630840e+00
7.253904145710654561e-02
1.361790289837814694e+00
4.163372102917639594e-01
7.979847713020871147e-01
8.944238769627248509e-01
6.049538736970778707e-01
4.117705528790915892e-02
1.409462840637413006e+00
1.795913509608608294e+00
7.407459703523122663e-01
2.161206546708793752e-01
1.545083925990239582e+00
1.861449669614630320e+00
3.828476972290473235e-01
1.389100399917447159e+00
1.910990382403521259e-01
3.893962592328206185e-01
1.456866456770223639e+00
5.101186362516614281e-01
9.799232176588592580e-01
4.077293883013677345e-02
1.164569594514261119e+00
1.670229232649236284e+00
9.168199873883371431e-01
6.642931298526892903e-01
7.357361876965704539e-01
7.716969895828733605e-01
1.157826853350643059e+00
1.177790387913702830e+00
1.543984054139577733e+00
3.221961653673623971e-01
5.025165865794827269e-01
1.367166085668839681e+00
1.812447570439789324e+00
1.866293727369687350e+00
9.243744593224421102e-01
6.188952701741667894e-02
1.635282981580458816e+00
4.148205535432420987e-01
1.467783707601089560e+00
1.009489046612647378e+00
1.930453436902527908e+00
3.422327216125649052e-01
7.147847721517632813e-01
1.357570209089663749e+00
3.942656051415407426e-01
6.783542934033413019e-01
3.649498112060052257e-01
1.988963728413919885e+00
1.310960318853650275e+00
1.418981056898942050e+00
9.933060768363968229e-01
1.631319086057430479e+00
1.072165078006668271e+00
1.864842110795246199e-01
1.732851840662544163e+00
5.620789282124265540e-01
8.520224105077329746e-01
1.961809993933705254e+00
1.962225320650021754e+00
1.396160186665814429e+00
9.337148074770844630e-01
1.429692181270766138e+00
3.658929037820226604e-01
3.016973945660517131e-02
5.472736414696672824e-01
