1.641633008180356068e+00
5.479334594525973046e-01
3.933550936712442159e-01
1.115776577949478821e-01
1.383409842244012200e+00
1.197004968060561669e+00
8.353895908757773547e-01
3.959699386961688106e-01
6.833681007595684420e-01
1.217070283527868835e+00
2.755552990926175561e-01
9.585537245417090624e-01
1.312695700817616995e+00
1.680822751147818206e+00
7.837147922327263316e-01
2.606246129381277754e-01
8.968319726394993197e-01
2.611027386815534257e-01
3.143047570584607264e-01
1.331405733291016524e+00
1.061362666081664852e+00
7.982911311756786255e-01
1.004973892053884654e+00
1.160122120556402514e+00
2.818323994548679323e-01
4.733682485451975452e-01
1.131015279074759849e+00
1.010203357920861578e+00
6.229949287840925720e-01
1.023487240167200607e+00
1.661365161840642202e-01
4.663017264446738253e-01
1.119631259522475553e+00
1.519386214733374096e+00
1.693683620535048284e+00
1.031575884823951572e+00
5.399584913390773622e-01
1.318700138027008695e+00
2.494870455041731105e-01
1.173069814037920988e+00
3.697694339066894820e-01
5.814295804602123141e-01
4.292355186494991592e-01
2.559701318194651520e-01
1.937751330914397663e+00
1.186205782442181889e+00
1.514993395922656916e+00
1.840463813346540523e+00
1.021589794608933843e+00
1.363075777211494088e+00
6.206935646681901453e-01
1.679330395032758716e+00
1.935620439976255103e+00
1.193290410892175135e+00
1.957144174212388954e+00
1.817016875683146182e+00
7.003389163557907082e-01
3.665170811678915008e-01
1.407139770113776223e+00
1.685886707557471276e-01
1.650890586302546925e+00
7.452837670285150651e-01
2.479488826496059062e-01
1.611651408775981231e+00
1.811764103588153318e+00
1.324307963463979387e+00
5.971518237085802205e-01
