4.953526677021611313e-01
1.220351455987891853e+00
9.462519910983493432e-01
3.569746257020103286e-01
1.086124341347355582e+00
3.587320939777853823e-01
4.915805841114941899e-01
1.999610449682098778e+00
1.902820784276064714e-01
2.733495399795859981e-02
1.155710077499219945e+00
1.205407795968924667e+00
6.240345879222721770e-01
6.207729193063364903e-01
4.852859803046793985e-01
1.500232589974616726e+00
4.261181107199321083e-01
1.716430642815182317e+00
8.639488993112069970e-01
4.095788090401519810e-02
1.500522841419960063e+00
7.323969774832779223e-01
2.586000554888450154e-01
5.505096787514940360e-01
1.039072456883124218e+00
1.704472649806729301e+00
2.008058415945148667e-01
1.904746209713523264e+00
9.019859209546092771e-01
1.679855016066820639e+00
1.695887647319679115e+00
1.106979437493534224e+00
1.074972311225630417e+00
1.509749177366768613e+00
1.040711455788376760e+00
1.831871336334356393e-01
1.178883176429969648e+00
5.401909516351284246e-01
1.058479226928904726e+00
1.466395280855505412e+00
1.296502598820428176e+00
2.094832173527412245e-01
5.800083592456894976e-02
9.618312105397421874e-01
3.345870313359995407e-01
1.704069189599891399e+00
1.787703444158898591e+00
7.425994089923060315e-01
1.999636586677620009e-01
1.611973305344549079e+00
1.866356561801961966e+00
1.672451190195412885e+00
1.762436500129284767e+00
2.949476879948589314e-01
1.662771887396812254e-01
1.732225800023714957e+00
2.076622887260497485e-01
5.658748471342334163e-01
1.520020476007390542e+00
3.474506456033488178e-02
6.427471716789980860e-01
9.824211055349683086e-01
1.099683273044139042e+00
5.065728723378710718e-01
1.919325798717959941e+00
3.063859246486213550e-01
1.921801935899889013e+00
