9.834460084341616337e-01
9.684012819971097308e-01
3.587621037129768986e-01
1.960165631871101599e+00
6.206296317454693678e-01
9.624498971805297565e-01
1.677871789743435649e+00
1.875701463614704689e+00
7.453068896546075628e-01
1.951260272120833417e+00
5.078639403301461464e-01
1.653916826683548891e+00
1.707914684557660490e+00
1.680540847797757475e+00
1.842950869402367076e+00
1.202969744530513196e-01
1.807676984806657394e+00
1.755580743818452305e-02
1.526196810261147618e+00
8.874758026352060902e-01
1.631491469988302079e-01
1.578557672620571672e+00
1.634352772847864621e-01
8.917764585017806667e-02
1.345962854987757584e+00
8.316491502455267693e-01
9.833764405367353412e-01
5.399379619104527350e-02
1.284808781959866586e+00
9.098801280214012799e-01
8.155199457640534000e-01
3.726169929039668816e-01
6.153431474302637483e-01
1.216432807082203915e-01
9.778101245283372656e-01
1.195760276230717789e+00
6.211365588361283940e-01
1.501417649606556104e+00
1.362635341016082524e+00
1.014549462890977694e+00
1.627258070241067500e+00
1.682065153410035929e+00
1.301650349731047207e-01
2.428299257928712152e-01
1.564827784087084339e+00
1.387732157399361732e-01
1.910064749612021107e+00
4.845718364631554920e-01
7.779589660254471184e-01
