4.675621912517109457e-01
5.697410471783452834e-01
8.541668223866061282e-01
1.465323495009811516e-01
1.707949231558807401e+00
1.422038319925083893e+00
4.194529312828265688e-01
4.825921668041028845e-01
1.134934739824533523e+00
1.221156788227183210e+00
1.852990030367222207e+00
9.350202051770928335e-02
6.003592298166902097e-01
9.728020585581695912e-01
4.213677799647319588e-02
1.335189689041451633e+00
1.981819557720054359e+00
5.250652242226254707e-01
5.367951156100030374e-01
1.353845032661385339e+00
9.145324791077711346e-01
1.787971207408363572e+00
3.009143868880270745e-02
6.369728209434448729e-01
1.237415187504841807e+00
1.404073958849445525e-01
5.177324354753527480e-01
4.692817073472275169e-01
1.102649097413325840e+00
1.933024031220433869e+00
1.968713964595196764e+00
8.594819108478972680e-01
1.963571986966708316e+00
9.972751029980275739e-01
8.627632824055204708e-01
1.232776086314533615e+00
1.631030863756003146e+00
8.056313655377782545e-01
4.822698246630552354e-01
1.110125337480165175e+00
6.821169325151057450e-01
1.270915480261140651e+00
9.653917862330763100e-02
1.611905023398919390e+00
8.205461464966372631e-01
9.699546316488913966e-01
3.561391490657639380e-02
1.274691537271855690e+00
7.263675402013380911e-01
