5.469486676624737420e-01
1.689120705030779490e+00
1.123954879429960307e+00
9.817683269030208493e-03
4.339259772301566898e-01
8.578525466520492415e-03
1.701354919316808267e+00
1.909189280269301570e+00
5.681090492786609047e-01
1.047019809756735587e+00
1.478736919596234323e+00
4.493985254976262667e-02
3.979909233215841446e-01
1.082703705715943876e-01
1.938868574862854022e+00
1.864443431320879530e+00
1.838469458847562077e+00
1.108796837877757735e+00
5.167036279086545392e-02
2.348423932018670612e-01
7.799890701500755696e-01
1.474349461187505206e+00
1.201584778576255896e+00
1.416310887539950603e+00
9.718017062943795636e-01
7.952246904767363844e-01
1.377881684692503050e+00
1.988551102388419700e+00
1.185718263389964111e+00
1.634240056112123085e+00
3.766464576092376504e-01
4.420406244292029996e-01
1.418327662890757068e-01
1.372872718299353867e+00
1.702919701270819708e-01
1.547817739327024711e+00
1.782053830523576465e+00
3.998937985515604865e-01
1.689362950320857593e+00
1.994932077740129817e+00
1.743644361042032909e+00
1.369828543596567805e+00
1.233907073407963573e+00
3.471195378672113918e-01
1.500887059907475507e+00
1.130360664300726015e+00
8.873354023815491765e-01
5.363804432764234242e-01
1.809129762499212202e+00
