1.009548654963507985e-01
7.687715260068550549e-01
6.132425650216966062e-02
1.995047963721628292e+00
9.622553822557033953e-01
6.795523224007422591e-01
2.174465919996899643e-01
1.650308051038338331e+00
7.208896032459479741e-01
1.297356290748990393e+00
1.076552269050345956e-02
7.736603376003676757e-01
1.661989705307113319e+00
7.786898621135045495e-01
1.483166353633883272e+00
1.485495665800797838e-01
2.164263767556295903e-01
1.470142594760575072e+00
5.557841428673695461e-01
9.834220665101023329e-01
1.920373709754199520e+00
1.256782088890230131e+00
6.974229365822437465e-01
2.866321066856789557e-01
1.540308788662140493e+00
1.164132746336027147e+00
1.974489785320449720e+00
2.059905562130484036e-01
1.409122987891744838e+00
1.360752405238233376e+00
1.785093132462517662e+00
1.629143808416627426e+00
5.812019364388101295e-01
1.668697565576362507e+00
1.751981141564474154e+00
2.787885114505255224e-01
1.370704744862734970e+00
4.574441556819111021e-01
3.039068458561957620e-01
1.185874699018226952e+00
8.805453832129823688e-01
1.054491284585657773e+00
1.886162785320496749e+00
1.162740368794626278e+00
1.931794989696075771e+00
9.287771573321337293e-01
5.388006840387755680e-01
5.272646346202787271e-01
4.573720268173695480e-01
