1.642048178098702405e+00
3.826355669144905214e-01
1.399537021104210854e+00
5.000099065533127884e-01
1.818256631860631689e+00
1.414414928628186630e+00
6.049347839601018073e-01
1.559148620639061456e-01
4.944933442062722229e-01
4.932851366996433562e-01
4.758344013591342403e-02
1.088903997416389213e+00
1.332607574971234055e+00
1.455814494794436698e+00
1.500061474548457952e+00
1.620215138287731005e+00
1.151483566888839238e+00
7.178146555193394285e-01
1.900170930745646469e+00
3.353939991578411828e-01
1.655268757519003486e+00
7.997124320704678269e-01
5.349824149689434982e-01
5.611863915839960804e-01
1.125684162201950222e+00
1.665851231271107569e+00
1.710973992064650062e+00
1.076076054552255634e+00
5.116205911486195745e-01
1.029151679675988085e-01
1.960686931325065441e+00
1.690923061272945560e+00
1.051190035697118663e+00
1.294148433616203242e+00
1.897705964627408370e+00
8.540971518670494866e-01
9.268135506436117055e-01
1.890896756215310059e+00
1.577758655362289986e+00
5.272815966718713554e-01
1.296070575161461402e+00
5.387150593595682047e-01
9.524469929764971532e-01
4.680412728253537935e-01
9.092399333776830517e-01
4.713099772599789183e-01
3.604116925462301779e-01
1.182639800274425390e-01
5.119425087307361011e-02
