1.879898868389488165e+00
5.998524425613065425e-01
1.798763304153399467e+00
5.721790737874332677e-02
3.911596713330913744e-01
1.920883029427396860e+00
1.809610018992429126e-01
1.307307490841384201e+00
3.123427308731914209e-01
7.522396867424645528e-01
8.672540876976952973e-02
1.794220984426335264e+00
1.307665169337265620e+00
1.226582166114503547e+00
4.924506984722523129e-01
1.340284305041869573e+00
1.436475657280167351e+00
1.621254290308230317e+00
1.602444282738345827e+00
1.390705689448458404e+00
6.942139890410925496e-01
1.335930461574703632e+00
6.519101888490741459e-01
1.952011740846173016e+00
4.976805691484629257e-01
7.275316738530492877e-01
1.767531265072386226e+00
1.788747647909671112e+00
1.609627127659111867e+00
5.945458058783934518e-01
5.695357712404023331e-01
1.165965401773003673e+00
9.600745272869724012e-01
1.159028310578243737e+00
1.621048954307680923e+00
1.258094500454180142e+00
9.073076392591574724e-01
3.972217730303473360e-02
8.661343949182973567e-01
6.847745236514031220e-01
8.173914627287688361e-01
1.472196177726245558e+00
1.295981778955852981e+00
1.846539645434754018e+00
1.623754068526643835e+00
3.616435375695323806e-01
7.706439108414668837e-01
1.824522357150938134e+00
1.760312700164514244e+00
