1.298639654988472891e+00
1.986078300016876685e+00
7.087109777812439226e-01
4.014910842760501808e-01
1.580927473517442561e+00
1.999234911556544425e-01
1.165595032721113089e+00
7.644946195604687134e-01
1.869115125680750555e+00
1.372965059241007868e+00
5.988262822988512646e-01
3.943850960979307096e-01
1.698658150422277302e+00
2.078103967243363215e-01
6.831265779860942189e-01
1.002902552527199287e+00
1.636185636029509727e+00
1.046744441794571046e+00
1.243230502562379769e+00
4.296542886494436608e-01
1.371280766881912694e+00
9.104276004419533663e-01
5.761426650716705566e-02
1.799301871897815985e-01
3.876314699746861159e-01
4.995889062745706433e-01
1.251972709825976082e+00
1.189515940765084601e+00
1.393757298221173890e+00
1.866349163970018488e+00
8.105392836538558576e-01
1.698338487157044607e+00
6.710320273140304437e-01
1.958618888468824704e+00
7.216513471976226946e-01
1.607240302983252711e-01
8.867476657104189641e-02
1.604998566441314445e+00
1.242556593019718658e+00
3.240975054071837391e-02
1.367416564555580916e+00
1.783163313023554686e-01
1.613540668354086272e+00
4.677470621846997467e-01
1.151756125394243213e-01
3.032288723821974230e-01
1.948743896627805228e+00
1.075152627275625772e+00
1.502331900593575575e+00
