1.533008453262132864e+00
4.584568582682422289e-01
1.793694241157448133e+00
7.959403324760367937e-01
9.747504306239331839e-01
6.522835326058840089e-01
1.985046871667471180e+00
1.213005153647647827e+00
6.227441359163647938e-01
9.071021863281738540e-01
1.630925621134358128e+00
1.890929319193455083e+00
1.427754594328272120e-01
6.882112071601618197e-01
8.046399314227548061e-02
3.082232963614979226e-01
1.906684238014206390e+00
4.039256520800473815e-01
1.731955424564095125e+00
1.975180706075852388e+00
1.810132690456518922e+00
7.087787636149300852e-02
1.656340496905275739e+00
3.895256579288237653e-01
1.616149777729516401e-01
1.108130160033589107e+00
1.960478573441057915e+00
1.938253541067573860e+00
4.467131535959003585e-01
1.401049802641542552e+00
1.437104692789398008e+00
2.110085987326253409e-01
5.229780801249486188e-01
1.277178107293011067e-01
9.920135313888938100e-01
1.631670376792361044e+00
1.410045903443784443e+00
8.492828325662928890e-01
7.491275094255964717e-01
3.478944041435623191e-01
7.510926297889399805e-01
1.100237802025401113e+00
8.106500203145561301e-02
9.923012279804797053e-01
1.453893057933910438e+00
1.682076369038857599e+00
7.961108330736141880e-01
5.414597632032176477e-01
1.715913762540921539e-02
