1.424387067052892419e-01
5.516607015429588756e-01
2.112632094244819569e-01
1.160602617527956237e+00
8.715230787251089239e-01
6.991937289303811198e-01
4.321947183232999201e-01
6.382127474407863765e-01
1.409991163557157812e+00
4.090533551988380090e-01
1.689811303501248752e+00
1.174607596251627140e+00
1.873883496052797248e-01
1.319115321717201805e+00
2.886064491598281379e-01
7.771743722492567841e-01
1.990682646001103340e+00
9.191057761936578530e-01
1.771033465037568533e+00
7.011554417429914920e-01
3.976668855876717146e-01
1.292776483992211123e+00
1.811000330114877155e+00
9.770854235962658230e-01
6.008713190084313815e-01
8.781969635598119162e-01
9.866401753361975224e-02
1.742707362204605204e-01
1.109404472873916081e+00
1.701758493186265486e+00
1.718705415062477648e+00
1.610029549997624265e+00
1.106194303364197662e+00
7.895647104437406583e-01
9.428671998479156713e-01
3.816304902100959850e-01
1.419604203549930777e+00
8.119370311771945126e-02
1.127718895254611997e+00
4.705567830361583326e-01
4.753602917172035092e-01
1.602565457251303283e+00
1.205380168511109407e+00
6.401350538748502572e-01
9.880312289480577270e-01
3.537382364385210920e-01
7.366116547199168529e-01
1.657181583829805405e+00
1.257658932476564573e+00
