8.217065704565875706e-01
1.899082172927197831e-01
1.365068019943302957e+00
1.268504191779458168e-01
2.329891009664164514e-01
7.671620778024510479e-01
6.365764588407261115e-01
8.009817292985159654e-01
7.519971857581575492e-02
1.409556663300430390e+00
5.793096345248915924e-01
4.447126404455259419e-02
7.827762214314439859e-01
2.417500523375246679e-01
1.706557616464887683e+00
7.335294578950257716e-02
1.936303443256635060e+00
1.302614595163351652e-01
1.226372514117840318e+00
1.801901316392473529e+00
7.423549217965570435e-01
1.626816768541677671e+00
9.423245465105885010e-01
4.923943796113885440e-01
1.678658512397353864e+00
1.038357925829885620e+00
1.918967633082481417e+00
1.834634072333767740e+00
3.450483723857957763e-01
2.105114745461817982e-01
2.035891872181312401e-01
1.995961363665711197e+00
1.640234271022749990e+00
1.862372103141566981e+00
7.283307776926584154e-02
1.771000708868092577e+00
9.086133265449656271e-01
1.969181591093245309e-01
3.149791417694700613e-01
9.801958181995402697e-01
4.347126971521024785e-01
6.669481132909069743e-01
1.386427711488526171e+00
1.411197832726927448e+00
1.510977797398291411e+00
1.799423081805811897e+00
1.355110049952305218e+00
1.618030390014990605e+00
1.577953285118024684e+00
