5.802062357395998404e-02
1.251130872545493933e+00
1.319455630671608315e+00
1.927909313363103561e+00
7.797426050468092562e-01
1.388321983214398259e+00
7.509883045971195159e-01
1.923796422364731917e+00
1.673993786393883187e+00
1.783018986317227661e+00
1.921634064188225022e+00
1.198015420339128223e+00
8.508634719532759405e-02
1.627386446914926843e+00
2.848345704114034760e-01
5.907896769114873159e-01
1.663141011812149905e+00
1.932752111036929232e+00
5.487583328811398431e-01
3.905841203172277787e-01
1.661953892190214166e+00
1.319367133443140272e+00
1.870137201264725491e-01
8.661710973375105205e-01
4.732182179943809075e-01
5.300283826787888231e-01
1.178211263184210988e+00
1.569218731492351804e+00
1.438616449867333280e+00
8.135324640566965471e-02
1.410768687726801751e+00
6.948691120280763300e-01
7.559766054637222510e-01
2.610454392112395716e-01
1.112710568674653455e+00
1.226003165968382991e+00
1.592780314125457508e+00
1.491445213199979136e+00
8.161547310260273136e-01
1.574768148590433015e+00
1.497676731481575541e+00
1.906272576897891646e+00
1.752822377699700507e+00
9.541007324527428501e-01
1.056669262895833850e+00
6.984748914840115397e-01
1.834519465339147892e+00
1.040631692097344629e+00
1.725402415844259352e-01
