3.609574661993013578e-01
1.071653591939521366e+00
1.993403640057589410e+00
2.892830816959728324e-01
2.730772701960590965e-01
6.588348778157571140e-01
1.871212179515020502e+00
7.429992178990456608e-01
8.302083148164651760e-02
1.201221822268734751e+00
1.928143657500003272e-01
1.970221773857924852e+00
6.044793472051752659e-01
1.920417276080976343e+00
1.278108622449096288e+00
7.493205008855388094e-01
1.367708111958177764e+00
1.494051318293585506e+00
1.506957585047500547e+00
1.016493853564873984e+00
1.502760969319112405e-01
1.567374190904819997e-01
1.207814062825843582e+00
5.068407783707820080e-01
1.798977665264852810e+00
6.737913595190767602e-01
1.544419689466964840e+00
5.646785582861557629e-01
1.896867828961928737e+00
1.514579402363930960e+00
3.861015860064131999e-02
4.680221037352598756e-01
1.965844710598563694e+00
4.872639618479142065e-01
1.135564518312607962e+00
1.323868756917552236e+00
9.308470940140813887e-01
1.541496834492018131e+00
4.218253344046414277e-01
1.436574082196470759e+00
9.105732832774036112e-01
6.977269104235555019e-01
1.505347944410291294e+00
1.227833503655888503e+00
8.714976420807776236e-01
2.664301122757808393e-01
4.518412693572160244e-01
2.667926013141963537e-01
1.508302607284518704e+00
