1.844279052209477854e+00
4.372426305077343756e-01
1.157439089947925215e+00
1.201673296982048278e+00
6.906698991503503748e-01
1.733313793781815271e+00
1.337967434499557129e+00
3.900539330875276711e-01
8.113893124006512636e-01
1.447498475513479654e+00
1.788754317382276859e+00
1.038358670136945161e+00
1.998275525227676486e+00
1.133282786386623719e+00
1.084306466943325109e+00
3.389436545860440297e-01
1.199792740082176845e+00
7.024867591142140988e-01
1.287415751187143353e+00
1.864089111654475328e+00
1.089945839948283091e+00
3.068985297621806829e-01
4.396914091631978216e-01
1.230096972467173977e+00
1.582142371736821929e+00
2.318264121212769702e-01
1.077303752577698504e-01
8.030440095019519831e-02
8.440342111726795160e-01
7.691339600020357103e-01
1.673300875147966327e+00
8.514624132577099935e-01
2.459334463494142753e-01
5.873168003071072008e-02
1.667575154626300460e+00
6.810302096477496292e-01
1.256497521615699497e+00
1.615583966643723279e-01
1.490719030788550281e+00
1.337934417984521396e+00
4.669971810194524231e-01
1.059796933123528184e+00
4.859810565261071247e-01
2.904647237912634239e-01
1.123499651833803181e+00
1.260514169693593978e+00
1.903897228168664135e+00
1.888545931059412375e+00
8.675128275101142705e-01
