1.988436811487930278e+00
1.716646325169311371e+00
2.986942384248303384e-02
1.763662682847114915e+00
3.904511395941812069e-01
2.441434427016115905e-01
1.946020226133539754e+00
1.593868388487749144e-01
1.684959395331864229e-01
7.292371371035697436e-01
1.742184289400536823e+00
3.878322277640933180e-02
1.664352168495907502e+00
1.309642459933510583e+00
8.329249359464290237e-01
4.301154763540804282e-02
1.291216763967099279e+00
1.683873740294754118e+00
4.703806948158248957e-01
1.045665449622262599e+00
1.486965954521122679e+00
1.273430295886352592e+00
2.528845820659526566e-01
1.479218519128425502e+00
9.020574508194361130e-01
9.734763015087555260e-02
1.095309811677011247e+00
1.001198804069865389e+00
6.471679857879579778e-01
1.534438747959153027e+00
2.091717118758165128e-01
1.884265478151970985e+00
1.457671787767811367e+00
1.457815945274246072e+00
2.731443813598852799e-01
8.041407814651533315e-01
7.377204106411139328e-01
2.286286770706422722e-01
1.824649741594161600e+00
1.702305538116398065e+00
8.622404841998765335e-01
1.602064301288651738e+00
2.742855721805126379e-01
9.350934831283166382e-01
4.517244469437420307e-02
1.003046491597089585e+00
8.162964051607755067e-01
1.722592429777703771e+00
7.194569264005590270e-01
