1.666577694860051029e+00
1.813557691922410786e+00
4.065730072911164505e-01
8.067367754532908108e-01
3.034703645835139518e-01
1.206828671654599727e+00
3.577924004283570270e-01
1.627900593029737220e+00
1.140453686694155255e+00
9.552316437507188951e-01
8.862340892190903041e-01
9.826941419352439588e-01
1.270711648219799983e-01
1.999083346858560706e+00
7.428319026610452624e-01
1.212526447274935748e+00
7.552422739129878160e-01
3.732783265073549295e-01
8.128834268025557641e-01
1.459042824026584917e+00
8.961642254085679937e-01
3.491602381395253474e-02
1.317420143715638758e+00
1.725070120116489747e-02
1.671331203654960795e+00
1.879112247827248172e+00
5.439479475391788554e-01
1.328642213165381669e+00
1.529884616151094612e+00
1.552453593077583349e+00
1.227244529723886313e+00
1.199568329433741809e+00
5.384338128075252250e-01
1.700110123087053893e+00
2.047946899096158013e-01
1.765978819759750351e+00
1.671398672784838446e-01
7.202333907283633430e-01
1.079920740517983369e-01
1.488993471899206611e+00
1.391175476278067258e+00
8.243874834707574095e-01
9.401400478351646939e-01
1.049114886770003974e+00
5.051880974189724149e-01
1.237054604067661767e+00
8.882638825060484855e-01
1.136578542827319627e+00
1.050916954398817715e+00
