1.382342488471865138e+00
6.885736498810590689e-01
1.937814792209660020e+00
7.041757012561364881e-01
1.120690412532093116e+00
1.670822688911739906e+00
6.575186072048211372e-01
4.260276356192340685e-01
1.254648682793340519e+00
4.245532377287863923e-02
3.706864000845304652e-01
3.105821757753228773e-01
1.965036544503353966e+00
1.185623589953811674e+00
7.969983409752501302e-01
1.529002279596705094e+00
1.171009339834496732e+00
5.730446975553160627e-01
1.354777460579022375e+00
5.521124435633413263e-01
1.701762233535939028e+00
1.743484449169173001e+00
1.259015270837040568e+00
1.419511127866758482e+00
1.264723481336681665e+00
2.291306188058523929e-01
1.067408472812108489e+00
1.651023816424876056e+00
7.643943282698955066e-01
7.201975571161383094e-01
1.784573975590426631e+00
4.971892897781420295e-01
1.723155063439144818e+00
7.215084421165895989e-02
3.583013648432853415e-02
1.348857634673513495e+00
1.012383390788749615e+00
1.467749780110295887e+00
1.560334382751607851e+00
1.293185397337053288e+00
4.359360972200176931e-02
8.473174786234238809e-01
1.821797714388957878e+00
1.703269282390351247e+00
1.521829758925388187e+00
1.596420863471005980e+00
5.477773655433910704e-01
9.800365341869721192e-01
1.515807760244151314e+00
