2.850471653358108703e-01
7.018714487981934091e-01
5.049254972815035991e-01
1.425909731811653369e+00
9.050983473302687266e-01
1.786143817858175442e+00
1.820336135974747194e+00
7.522199912949627532e-01
2.046382183046824288e-01
1.108217710919371157e+00
7.133319327108429420e-01
1.388447165630992686e-01
1.410621027250270387e+00
1.867414554437699437e+00
1.901273009152901761e+00
1.531329535394065022e+00
1.764344965592053782e+00
1.031821045967609152e-01
2.961575936318991964e-01
1.129956799556246949e+00
9.698804476051225976e-01
4.491745186462106076e-01
1.889001237906631658e+00
1.986624220325574619e+00
6.037872590045458843e-01
1.876772057326753007e+00
1.807944971480654583e+00
5.417879437313115609e-01
3.374400226836851147e-01
1.284928447380058181e-01
6.852140821340322319e-01
2.820454815988111541e-01
1.650158070696909451e+00
1.569404622968328500e+00
1.620729376597802585e-01
1.036737175375552322e+00
4.811511465711455493e-01
3.791764541353765949e-01
7.782112911757335105e-01
8.646337512285438009e-01
1.049454158823173167e+00
5.065879277943330372e-01
6.044000089236263307e-01
1.726297731814502079e+00
8.579482581807797992e-01
5.970269419430942470e-01
1.357706792627588754e-02
8.040754649163472934e-02
1.086679679491529882e+00
