6.028443066440103415e-01
1.133353159406430333e+00
1.723594090540702783e+00
1.742108906556120385e+00
4.953873712873857471e-01
8.577234205933859101e-02
1.209654403355389540e+00
1.292346180512399911e+00
9.520538984250546122e-01
1.735376234552897134e+00
1.281564202535137031e+00
1.012381361703602156e+00
1.701196978206921173e+00
1.782441280143207685e-01
4.985883254277796439e-01
1.039885483812017064e+00
1.778520718362229580e+00
1.986594775504370247e+00
1.000039200841523090e+00
1.861331216986544135e+00
6.844383442761081682e-02
1.386215768434900575e+00
1.263463300824040125e+00
9.544418452243670359e-01
1.573135393975353402e-01
6.547399037651522313e-01
9.194258114087361378e-02
3.416770547899101729e-01
1.000333735022973514e-02
1.845732942890072614e+00
2.705337777539180699e-01
1.708038773297331225e-01
6.854406990852308645e-01
2.716698727049786655e-01
7.844441785254963051e-01
7.904435703849248540e-01
6.669245131983192465e-02
8.191124808166896365e-01
1.254997168867665103e+00
9.410043302855397584e-01
4.547820289276613970e-01
7.431832637446675882e-01
1.142026256832744835e+00
1.388728508024517971e+00
7.759052841506246523e-01
1.166455852860724285e+00
1.700061135508689869e+00
4.849225753898180891e-01
4.898766230187252546e-01
