1.887305539137938748e+00
5.529948026449491572e-01
4.198550479786660183e-01
3.246336450561781994e-01
4.864376692228673527e-01
7.882985827248001343e-01
7.366329116023884183e-02
1.985085246196803155e+00
1.697996897237979308e+00
9.060027268623471741e-02
3.476273596848038494e-01
1.420108111389078331e+00
4.174780542070970490e-01
9.458513160464896430e-01
6.109947898801237898e-02
7.696497920583542651e-01
8.378209729885677248e-01
1.228586173816781368e+00
1.243504192446962531e+00
5.054680903080779331e-01
1.477620659913274626e+00
3.851770113974803955e-01
9.269980630791239129e-01
5.832558598190664689e-01
7.903871386112752973e-01
1.611117102268739387e+00
8.583028018173459728e-01
2.934406780590954611e-01
5.014559195401346869e-02
8.000852090015357909e-01
6.718953790671724491e-01
1.030797852469846010e+00
1.832401960904419536e+00
1.804298476862568279e+00
1.789702424192779695e+00
1.889536823957136846e+00
8.392124056363945428e-01
8.620304500361628541e-01
4.559231901795834929e-01
6.715607439198878481e-01
1.470869048677907021e+00
1.470978064084778048e-01
1.901649841053872692e+00
1.312869273211281662e+00
3.550366931644530766e-01
1.316543085142170000e+00
4.097649094437252337e-01
4.736151381607549560e-01
1.370788218690245586e+00
