6.191250809991943882e-02
6.923235208680234010e-01
5.046866886927414697e-01
1.895163535777331543e+00
4.456309735724697241e-01
1.092230342884519256e+00
6.209511997872478872e-01
1.756058551522822420e+00
7.470484165438620039e-01
4.615952955277227154e-01
1.065138971785439814e+00
1.097553989814964659e+00
7.158006545331492276e-01
3.619427121023579552e-01
1.214891209994042320e+00
4.917463002436264219e-01
1.370408561342558063e+00
1.132144135833601517e-01
1.132717536723003793e+00
1.585461001792702440e+00
3.872452859971486916e-02
6.203908554212547166e-01
1.280996837185770953e+00
1.013311992775826287e+00
9.406852908317566708e-01
6.107031278677736985e-01
1.053310355317619518e+00
9.406850873262313506e-01
9.315109050441430227e-01
5.004158600131796142e-01
9.306057334035693351e-01
1.252982020280039244e+00
9.675995337304543753e-01
5.890941585654196899e-02
3.860437539085892489e-01
1.544996513184346831e-01
2.759882035376803877e-01
3.418155200829264828e-01
1.265613031517403897e+00
5.731013783311666998e-01
1.678471986107223479e+00
6.312613386451548791e-01
4.695312035631187264e-01
5.503474577229217068e-01
1.613852432377842483e+00
8.963010106758533269e-01
1.727202973231975580e+00
3.792986794530395223e-01
9.031122278091561206e-01
