1.324134900938621850e+00
1.258111646216777402e-01
4.317365525969241169e-01
6.473427952251809003e-01
1.531312602383983368e+00
1.348533532229702736e+00
1.711258462759121191e+00
1.006317166603356572e+00
4.057676153747649117e-01
1.930897636620998004e+00
3.656149406445239336e-01
2.875797668330584145e-01
6.245521615539195714e-01
1.101828871707667634e+00
6.492596627103179863e-01
1.000520643615495420e+00
1.353262433691394762e+00
1.100357334770122542e+00
1.891328278713341415e+00
7.989608258640776839e-01
6.134263926861214244e-01
1.877049922826188322e+00
4.843221179094112649e-01
3.613085612031099458e-01
1.128034316675255333e+00
1.734908628401513386e+00
1.494209895647653052e+00
1.054436423229923925e+00
3.471543019294816013e-01
1.336274648697502343e+00
1.747830265854559695e+00
1.861201003563734968e+00
1.498652582186069893e+00
8.990565150036502473e-01
1.294856552176720133e+00
4.104554647581659665e-02
1.363886877050630719e+00
8.256654297481369476e-01
1.347844441880534205e+00
2.258628948739058728e-01
1.962300426920138285e+00
1.023781021955240345e+00
1.475952757144486593e+00
1.145811480341559108e+00
1.137364701091679198e+00
1.040675240193272622e+00
5.422067067632760917e-01
7.231126826612701564e-01
4.413048695914332242e-01
