1.265368093170517128e+00
1.561764154625276735e+00
1.593296594999336513e+00
2.514553799659311473e-01
1.219892613964403516e+00
9.660020251865129026e-01
8.160337593461570727e-01
1.252043382517051828e+00
1.098230112074461751e+00
1.358061854466338758e+00
1.021591742332629060e+00
1.946945728146038945e+00
3.162995047486694133e-02
2.201215428739056179e-01
1.540211567106863022e+00
2.513729358312404294e-01
1.204235887789849802e+00
1.343268658399320969e+00
1.391187590499151749e+00
1.050833267639711188e+00
2.250680806829552516e-01
1.086453040746907295e+00
1.130664234446558059e+00
1.485645663792713567e+00
1.716793980328372271e+00
4.799684065811486988e-01
7.053776481171851742e-01
1.906747733575460568e+00
2.749201274456671840e-01
1.546866359572759198e+00
8.674464773045271748e-01
6.614056885646939499e-01
7.160933204076362912e-01
7.190768844856481046e-01
1.508253372105951229e+00
1.666454475632374255e+00
1.124306323706789179e+00
1.106724431713430601e+00
1.650934064713764915e+00
1.717834811460477784e+00
1.022067235925709472e+00
1.967464840065780152e-01
4.522945448405084612e-01
9.225617798072422993e-01
1.750028250936205954e+00
1.919539630067160108e+00
6.164548878096400841e-01
1.002266873909173128e+00
1.524991497717211431e+00
