1.144948832633598812e+00
1.852131248934931307e+00
9.118621364951393637e-01
2.651240867803514867e-01
1.048614167192827740e+00
1.327675011530059734e+00
2.506693922180085465e-01
9.136636987212956029e-01
9.526168782577952854e-01
4.465515117602953943e-01
1.423047734130832520e+00
6.449406949264835376e-02
8.304474096466032407e-01
4.195827844695458886e-01
3.643389560971805885e-01
1.798802219159051141e+00
8.541604968378471163e-01
5.834731751067541161e-01
1.316822092279597456e+00
1.392661699433292988e+00
2.410157045485123994e-01
5.897951482352139507e-01
1.660638002992830042e+00
7.671487390665725492e-01
1.043408102089385725e+00
7.530843390717034680e-02
9.699028163028682314e-01
4.302419163281863135e-01
3.024384172573491014e-01
1.812253247066915485e+00
8.489915612943810252e-01
5.248725552923843019e-01
1.867935578807816022e+00
1.768031712975779879e+00
1.489817795770512543e+00
1.181422537861100075e+00
1.387592860074429169e+00
2.200163721228585167e-01
1.646857242833349222e+00
1.706198339030864375e+00
1.924131459022718094e+00
1.222001603755991539e+00
4.992080451181220013e-01
8.768584477027872026e-01
1.540777037592948595e+00
1.053175741550194999e+00
1.326828417753803890e+00
7.622155680229227848e-01
1.465257222345727861e+00
