1.008061021063384910e+00
1.160485462695249215e+00
1.405732518028925959e+00
1.935704705111267465e+00
4.301316728603534756e-01
1.389617010472026681e+00
1.340935556607301571e+00
5.260055240829686340e-02
1.259433449808709415e+00
1.346127732458777260e-01
5.702408727951207013e-01
3.097683997510025655e-01
1.345372879648545794e+00
1.067175223980092458e+00
1.163239851818111514e+00
8.293812748058648765e-02
2.735652477019749895e-01
1.898896984061177573e+00
1.572089434473451952e+00
2.867231041506128619e-01
1.156111980194329814e+00
1.122530543070738407e+00
1.973018170837588237e+00
3.361309594880346197e-03
3.556100129055970172e-01
2.768463280429882545e-01
5.256356643458399702e-01
7.171554907231070253e-01
4.098484759732552440e-01
6.280232051055292253e-01
1.860383143159515029e+00
2.573386157214425651e-01
1.168527023585173463e+00
1.241391359147832496e+00
1.981700801698069281e+00
1.573908922354918527e+00
8.819648047537449465e-01
9.746584970632934386e-01
5.332814841460260524e-01
1.724452094622221487e+00
3.000022242225504066e-01
2.790854578383252793e-01
4.475620946038105785e-01
1.129944286033547129e+00
3.883077856231849090e-01
3.011050671994430772e-02
4.941348373159879515e-01
1.960630908949616558e+00
2.752239691610163241e-01
