5.284781921981762665e-02
1.547866245211268144e+00
9.392444266826371901e-01
1.879852496737464129e-01
1.166084092179728859e+00
1.388261811045097716e+00
7.230849207486933494e-01
1.769921051529606881e+00
3.315719385025071020e-01
1.181179428741160553e+00
1.766834074821060252e+00
1.326662178919493229e+00
1.027319546666274341e-01
1.521787063948718544e+00
1.398876185732924604e+00
1.485314812607914536e+00
1.235883995723763729e+00
1.197009030622352199e+00
1.451240921582064303e-01
1.151799094545312929e+00
2.113143604944460741e-01
1.800246464266257451e+00
7.190004171490111951e-01
1.652020293073022117e+00
1.767162622901149227e+00
1.915555161678069940e+00
1.210244378728391634e+00
1.214617302339799032e+00
1.584747973934983456e+00
1.702424694498088531e+00
1.625863850864224691e+00
8.196614945199391933e-01
8.141449378158553962e-01
4.852536395222455390e-01
1.236804131041395749e+00
1.210064629936437708e+00
1.818646962177199455e+00
1.917774537627251252e+00
1.163244703283949910e-01
5.569318103816875976e-01
1.084244231678249459e+00
1.614219406507150456e+00
5.236417519707172730e-01
7.757235822863650654e-02
3.315759763453667297e-01
1.056093193716224565e+00
7.432424373041550680e-01
1.036436425370074410e+00
1.695794817414078004e+00
