1.259664107886006690e+00
1.893225178171809464e+00
2.442282307416387965e-02
5.662774471499920637e-01
8.735600987936309458e-01
1.018198798784987424e+00
1.916654293842602996e+00
5.520579386102535402e-01
1.811747941714289656e+00
1.153421530882192680e+00
7.541252534296756238e-01
3.342606309959617050e-01
1.251698244730498288e+00
3.090514772030292789e-01
1.944392455060071079e-01
1.329171833225078370e+00
1.200381816143583080e-01
1.500397802066800512e+00
8.339240826402325446e-01
1.813549177733146056e+00
7.715723704735819588e-01
5.412262115484156588e-01
1.882716479222887429e+00
1.896757979103355307e+00
1.504600329395807456e+00
4.418386038814032801e-01
1.804955065540437609e+00
3.108770791180797133e-01
5.578759529028576303e-01
1.964033441755658860e+00
1.297899922480884705e+00
1.029107582733122861e+00
9.743135615030986685e-01
5.576130286867533314e-01
2.962541601009727188e-01
1.730594272233627606e-01
1.463371727083938811e+00
1.379058317269610701e+00
7.893058964713528525e-01
1.783068050430546947e+00
1.372290513478819918e+00
1.230151388998711237e+00
6.558712735039398112e-01
8.853656348708769386e-01
3.780684560324112375e-01
5.932318484865009012e-01
1.908996214907116684e+00
1.814508714103113540e-01
6.939599448224331724e-01
