4.350580990884900245e-02
1.535548416338207378e+00
1.151837573439121520e+00
1.709955299201905810e+00
1.521403635015921019e-01
3.976113069654712007e-01
1.579421086662781359e+00
7.804375115258062046e-01
1.197364557383856276e+00
1.725922057146048960e+00
1.273280601717544869e+00
4.234284339334215552e-01
1.343688721568990996e+00
1.652339811818079873e-01
1.510704340992214068e+00
6.107822673475111763e-01
6.061965443255634689e-01
1.982561636960401774e+00
1.083142189961954216e+00
1.360923913055032575e+00
1.503851848394219815e+00
1.294450992362814024e+00
1.765716478390062960e+00
9.441287098950450485e-01
1.295375864866159077e+00
4.754895798656213479e-01
1.548979452988036076e+00
4.955834960614655671e-01
2.266275195487912342e-01
8.293591048587156678e-01
5.582376342129182767e-01
1.983602724303398901e+00
1.833883776966313661e+00
1.259893152721409670e+00
2.869558406217707081e-01
1.256708490825843683e+00
1.820836980727742471e+00
2.537831579925899916e-01
1.183368555329741945e+00
3.535134807152009451e-01
1.219806109336531996e-01
2.732021563002424713e-01
1.416243861932896309e+00
1.554522314262438254e+00
5.774931198608834748e-01
1.232662051295562389e+00
1.312657988611865889e+00
1.943515837826526038e+00
1.557362289323768412e+00
