6.349311447183207946e-01
1.643682836968298755e+00
5.068867187354664239e-02
2.239717379755203908e-01
1.162862693043761109e+00
3.723839507267974192e-01
1.511357590654804905e+00
1.306501947021869281e+00
8.759125158943845690e-01
1.922347084451030419e-01
1.508064953825523968e+00
1.753689496612486742e+00
3.140573478923953665e-01
1.267615612564345184e+00
1.731522251483824437e+00
1.790905380557105797e+00
9.187889029066376168e-01
1.071963779783158266e+00
1.897966532623627689e+00
1.324732785152572756e+00
1.247106480458111122e-01
4.549702538141100483e-01
4.459185670625784859e-01
3.959282607650127517e-01
6.180095657937569875e-01
1.747380000827064794e+00
1.820617261155159206e+00
1.368098885082516425e+00
4.777895354461980659e-02
1.813591282151733264e+00
4.321454461762801458e-01
1.813646171134898566e+00
8.175160333585380634e-01
1.915999592935733187e+00
4.118619236999498945e-01
1.662084964628903094e+00
1.212880576001185595e+00
6.364943338253512550e-01
7.912800826969941248e-01
1.411440266186366088e+00
8.543748363690273351e-01
1.550217080750534659e+00
1.437084957368476079e+00
5.178626657769220820e-01
2.979126332121007081e-02
2.646385922878171648e-01
7.488839670002849225e-01
2.261739844454688786e-01
9.855451759958704372e-01
