1.553583536925831510e+00
1.511103111739734217e+00
2.331911311719192526e-02
6.378949628228323121e-01
1.904354449684471540e+00
6.721273263641265316e-01
6.196076406369459555e-01
1.879797505303998140e+00
1.554539212709836082e+00
1.831964429334558275e-01
3.275490122029620643e-01
2.566744878367641647e-01
3.224659588656022535e-01
7.586862593559131618e-01
1.552373942853418232e+00
1.005392768170119577e+00
7.274861005724302387e-01
1.691623474283147743e+00
1.246384745561548435e-01
1.141079206142633584e+00
8.756125462292638773e-01
7.396507052347542910e-01
8.076170437671579272e-01
4.098859885823329385e-01
1.055796679496104229e+00
4.258216721894139134e-01
5.636212215429603489e-02
8.145634686904479338e-02
1.665817215101930593e+00
9.945795357660451863e-01
1.236166682758187640e+00
1.629128152683107622e+00
1.982753778753799878e+00
4.029069107177498665e-01
1.964135958949078997e+00
2.195199270050882667e-01
1.159081843705395354e+00
5.354101794300514250e-01
5.543540481024940014e-01
1.300210752559911587e+00
8.963267348068733043e-01
1.970157996411251222e+00
8.772770313234468098e-01
1.295080572178881173e+00
4.330444580443693070e-02
6.909926977332929710e-01
4.970620998213735042e-01
4.733544424156335140e-01
2.289049702165431022e-01
