5.449816707600869670e-01
3.262817423538066919e-03
1.324806436921618147e+00
8.656016800747945439e-01
1.159139231725560215e+00
4.618045565569794952e-01
1.839957836449962247e+00
1.438367977634422701e+00
2.957319139496763505e-01
1.401523852176684848e-01
9.106051977319276070e-01
1.688628565156629513e+00
2.065181767166421878e-01
1.137194040586528843e+00
1.676015734774623844e+00
2.150733416933854336e-01
1.762003858403859979e-01
2.736235884754347758e-01
6.575898023230308809e-02
7.701149969501961401e-01
7.480443220803518756e-01
5.121587747811271463e-01
7.348926489599976186e-01
7.433784754545444962e-01
2.568048965170444120e-02
1.089381471250397748e+00
1.467812499035566542e+00
3.671885337132430038e-01
1.778355138671175784e+00
1.573092511496816392e+00
9.333589666394681572e-01
1.313800629864703140e-02
3.630721915944938871e-01
1.819031521264443008e+00
2.646832254713014088e-01
8.433811307112466515e-01
8.919403223652877521e-01
1.131567001041866583e+00
1.516058651369514010e+00
1.673375266914067794e+00
1.116145783887292797e+00
1.903765760832362819e+00
4.057765743221359855e-01
1.460024055294240508e+00
9.120102154009948059e-01
8.266860436362621911e-01
3.265396383638003996e-01
1.082859318352118461e+00
1.298103519641547798e+00
