3.527817610265681303e+00
1.177366445536544681e+00
2.350066259297483029e+00
7.385192387842289818e-01
2.251605422693034875e+00
7.209024635000469416e-01
2.198976956556371043e+00
3.540496126997299875e+00
3.749143404351748643e+00
2.350939863758888748e+00
2.645533547976151922e+00
1.008915621013285246e+00
7.132583833562904374e-01
3.882092518450777519e+00
2.085185406986341583e+00
4.653169976892348458e-01
1.208195703656287812e+00
2.528503460044491113e+00
4.937894864674321482e-01
3.689865669408458615e-01
1.793422918851143244e+00
2.560783435107390815e+00
1.956695771015203533e+00
9.543938817741501879e-01
2.793249295106763341e-01
4.990351943566295745e-01
3.515429879632279153e+00
3.914615705014016456e+00
2.660592190003840507e+00
2.614422218983537327e+00
3.254787719403840818e+00
