3.916929147250765020e+00
9.325490250584156371e-02
1.100022735000250051e+00
6.478976023408939966e-01
2.884963345179484939e+00
1.950448354974880338e+00
2.057719863375549352e+00
2.063523711322732268e-01
1.662888218022745335e+00
5.253222381734570234e-01
1.627902243459074860e+00
2.132359768528043986e+00
3.156393076599920633e+00
3.167644730190197322e+00
9.752880281179026056e-01
3.929166039447840042e+00
3.684976719902698150e+00
4.924074147567285564e-01
1.275613241123165764e+00
6.438022378269128154e-01
2.686614016669226501e+00
1.294667393789845633e+00
8.761455226435126420e-01
3.862449654668364651e+00
1.270942187486984842e+00
3.286577769237989166e+00
1.867784655765852619e+00
2.786484087825783718e+00
5.491341847423392153e-02
2.870982277058713450e-01
3.230192797289712203e+00
