-5.167513290517611324e-01
1.588649886226960461e-01
-5.284004730877054357e-01
-1.259808688127235676e+00
3.378677424037830335e-01
-9.877128344399679349e-01
-2.250970547441211167e-01
1.022636744726991509e+00
1.841791389522830613e+00
1.975913490880803813e+00
-1.282080475741412151e+00
7.480349469017761876e-01
1.136425355605768850e+00
-1.743882155969679992e+00
-1.152831478401843412e-01
1.548026809964202499e-01
6.883521505474252677e-01
1.863595259271530580e+00
-1.227305579205677510e+00
-1.745471904571010313e+00
-1.751008710786111422e+00
2.262115881139346030e-01
-7.399277130189316765e-01
-3.643920903454223037e-03
-3.785541411777852971e-01
-7.032677935903066668e-01
-4.495259099115349599e-01
-5.338348300473203523e-01
-1.524977816398888741e+00
1.890596868149899912e+00
1.107598984067991843e+00
