3.854289643226941120e+00
3.857286907481968896e+00
2.300930430166265417e+00
3.648801717893476848e+00
3.969279984234451497e+00
3.744009821127186832e+00
2.708144540266236966e+00
2.697843468406552869e+00
2.961760449425279607e+00
3.997427293949993743e+00
2.458756595428406744e+00
3.388362618311640428e+00
3.531444597522478634e+00
2.037367623719258614e+00
2.585990664880821743e+00
2.833428142903623215e+00
3.303073778157730178e+00
2.871594034077601609e+00
3.859736408141112740e+00
2.565888799805211562e+00
2.017340537990283345e+00
2.173513888036068042e+00
2.516545220394152960e+00
3.476636161326256413e+00
2.263528695044425554e+00
3.793847956779912600e+00
2.665525132565794486e+00
2.121462045168073907e+00
2.191042826251805575e+00
3.972943865356648008e+00
2.669455154130411678e+00
