3.279136677362437524e-02
8.205828585851966395e-01
1.462752161727410627e+00
9.359860008218956473e-01
1.666312911828724985e+00
1.778386910003417754e+00
1.640730010315988530e+00
1.042754960450548829e+00
1.797019507724005649e+00
3.759586165502510902e-01
7.611896347552220554e-01
6.734666523907111291e-01
2.016551422565155960e-01
2.803805818533047223e-01
1.830389996596514024e+00
6.937607881692748890e-01
1.656528721506683954e+00
1.242224177345243596e+00
1.250632132916276618e+00
9.590371960401355977e-02
1.199295709146537270e-01
1.256734314611058334e+00
1.662721543076650654e-01
1.372523987467203721e+00
1.730995523512131928e+00
1.322568720095936179e+00
5.474469318387997774e-01
6.269055939028715940e-01
3.978953717442501592e-01
5.117192500228036067e-01
9.077100286822514796e-01
