2.181898823172474078e+00
2.456000009569938136e+00
3.488305461034841848e+00
3.055739265085982037e+00
2.133170883468944012e+00
3.890092429612179270e+00
3.078766145475870353e+00
2.071923112575804193e+00
3.463628500151437084e+00
3.477294107311857729e+00
2.107423725101111422e+00
3.192046198286088821e+00
2.643965730629647570e+00
3.175212863318563450e+00
2.785035412243617614e+00
2.068282770894826594e+00
2.510957983631207924e+00
3.105412586243409212e+00
2.976329462752377086e+00
3.421513000437576668e+00
3.967213920044632580e+00
3.675895441107869921e+00
3.313437214633537575e+00
3.112567729254118287e+00
3.032148641432453662e+00
3.629746229285260473e+00
3.257039881456551100e+00
3.967838202119586377e+00
2.114913266272631542e+00
3.220921237482580413e+00
3.140632417772794671e+00
