5.176229855287259873e-01
9.317161697907989648e-01
7.113042065247485723e-01
1.980636545451231356e+00
1.301663812464632031e+00
1.621758030485080937e+00
4.902869887187590869e-01
1.499514743620909307e+00
4.624480310685759044e-01
1.246458142266070546e+00
2.588927452315834543e-01
1.021814910221095829e+00
1.718925578207403770e+00
4.665103005816755299e-01
3.055915364834840275e-01
1.818721618761784065e+00
1.313812711251046927e+00
4.453212225208398323e-01
5.474507402438666404e-01
1.751188658285224964e+00
1.817312219209579638e+00
5.477177584089161222e-01
6.578467146918938191e-01
9.141673937172156705e-01
1.406394437458935442e-02
1.854914846351357838e+00
1.570970865431131624e+00
1.911542601350056714e+00
1.960067597530886996e+00
3.559784508607592990e-01
1.109031874169645437e+00
