1.627689072287161309e+00
1.310621072285125699e+00
7.878117176560537338e-01
1.914959822780811560e+00
6.785886913750096561e-01
1.660343484742826448e+00
5.546417090902666658e-02
1.353541446827085437e+00
2.306065829193499894e-01
5.890454787684937799e-01
1.552361274236769173e+00
1.567612142515248053e+00
5.201183329282872414e-01
1.555496260556600063e+00
4.856682465269877014e-01
6.629785091888074078e-01
1.111179757298956794e-01
1.080652348212572278e+00
1.904766995947970276e+00
1.248184936396464106e+00
1.741126487030908443e+00
1.431173024105047986e-01
1.479867392496868828e+00
1.550579325915793838e+00
1.569357020223005161e+00
1.408881451924603123e+00
1.962585017627080930e-01
7.999759954267604556e-02
4.851552272777035490e-01
1.343251764060982012e+00
8.865111164758707751e-01
