1.861414984326064115e+00
-1.620834726651267488e+00
-4.455677870627221537e-01
1.496543348545375629e+00
-5.082083745187260249e-01
3.384496281079201196e-01
-2.064638944763075301e-02
1.533173253166725480e+00
4.906520721570171162e-01
1.045826682074507019e+00
-3.359130075278846661e-01
-1.154573861337343743e+00
-1.336005016814271862e+00
-1.796924598502952719e+00
1.758665688791495540e+00
1.684303583646283187e+00
6.862288236881957104e-01
-1.191533786068140977e+00
1.035753643983302830e+00
-1.589739505511936102e+00
3.457699998349239578e-01
-1.881169854502459771e+00
6.740729981146698080e-01
-7.801316241814877372e-01
3.460347410916728705e-01
-1.409566989355124811e+00
-1.536077988239292758e+00
1.114624180539410148e+00
4.983447381621077810e-01
-9.551442096333300213e-01
2.771998447533707832e-02
