1.790822427616218349e+00
1.856990412477293795e+00
-1.823699981355580313e+00
-1.005376048259343236e-01
5.434343111278394645e-01
-1.069654760996013643e+00
-9.737220068723333455e-01
1.401382254251676507e+00
1.326591743944799617e+00
-1.160547328946193169e+00
-7.176266325818012604e-01
1.808589473580928697e+00
-1.582832643403202511e+00
-1.643315052018395228e+00
1.410444214668274299e+00
1.400500935879865239e+00
-1.259382451278259651e+00
-1.157566932403149451e+00
-5.371034712443334413e-01
-1.108992296640121111e-01
1.631958147563143946e+00
1.024691243637898985e+00
7.767815405775442272e-01
-1.283687866594573457e+00
-1.152425483168212139e+00
1.211477902044602928e+00
1.555765361407636327e+00
-5.912923182694784785e-01
-4.847883062254041420e-01
-1.919083887179803050e+00
-7.011827281651381583e-01
