-1.951818303405276289e+00
3.570155426363843532e-01
-6.934513357876630479e-01
8.511741568648130141e-01
-7.331176987774101761e-01
-8.819894530486829254e-01
-8.284682383771109215e-01
3.324854422584593294e-01
-8.070117784252452964e-01
-6.389638786082931787e-01
7.989456640325416359e-01
-5.745648343340148401e-01
-1.688080346078359995e+00
-1.012625363567945413e+00
1.970408451363000246e+00
-1.190585128091307787e+00
-1.754524948131440887e+00
1.428203560527532723e+00
-2.861799662242514586e-02
-8.797355541839024795e-02
2.669519134196747245e-01
-1.971782669395237164e+00
1.427065974468348486e+00
-1.408341294561195056e-01
-1.633026726298608899e+00
3.155251181946292505e-01
3.131250944102399458e-01
5.527628651226574874e-01
3.270086949307255964e-01
-9.433837235731390436e-01
-6.381279388004390540e-02
