1.337303297222475429e+00
2.229201736799722333e+00
2.094517435662010207e+00
9.354132002170745253e-01
1.165597617320072388e+00
3.095367087685787943e+00
5.818020438869586641e-01
1.151550178544944458e-01
3.996859475604369827e+00
1.097202758694692193e+00
3.175851409234214273e+00
3.664452787823705648e+00
6.456857269843370162e-01
1.192484265420751477e+00
1.470451077163973608e+00
5.491181767042077055e-01
3.174314513942562144e+00
3.516450432129460069e+00
3.206215542618889636e+00
3.145251504066060022e-01
7.583828582687051068e-01
2.096249637304055113e+00
3.584039579030692479e+00
1.508482659555419048e-01
1.204313930675594335e+00
6.859040214892324627e-01
3.278953951477099338e+00
3.349819121492615182e+00
6.205492455898502513e-01
1.514929434608643710e+00
3.195986594924479007e+00
