-2.623133979193670307e-01
-3.233892226046868323e-01
-1.026888600990270017e+00
-2.182109323672065671e-02
-4.452881024993464720e-01
-1.895207634175672506e+00
-4.907109954128503482e-01
-1.749081678319819755e+00
-1.645035395648158261e+00
-1.061976143312679532e+00
-1.247538443431550625e+00
-6.124319034836926967e-01
-5.076506803349611907e-01
-7.674800320864223480e-01
-1.373937992958964571e-01
-6.849588011425895573e-01
-1.017134901642859468e+00
-1.642632021449252910e-01
-7.048537371935381657e-01
-1.393775422717982604e+00
-4.258649579040323374e-01
-6.706588038228820103e-01
-1.062798567058805155e+00
-9.462431000155757665e-01
-1.452562681568518421e+00
-1.300556168783909339e+00
-6.714482571272228917e-01
-7.263602940379820794e-02
-1.310045299823054066e+00
-5.421653872707103972e-01
-6.499601420639549154e-01
