-1.958490391466530589e+00
-1.935154024580809207e+00
-1.991989974976398070e+00
-8.464896937628814122e-01
-1.362541882606611576e+00
-9.700780201092751298e-02
-1.233345716909851397e+00
-5.197400797229363434e-01
-9.653759406382507180e-01
-4.164361743645619285e-01
-1.025638756213164804e+00
-2.587066180819821426e-01
-1.646205432692382509e+00
-1.194428297398602012e+00
-7.943649553574938516e-01
-1.191439124410974770e+00
-6.054339668640991157e-01
-1.572414686522907168e-01
-1.280371803659089647e+00
-1.244154192718508689e+00
-1.678756708589410174e+00
-1.366673331237678202e+00
-5.430223385275851911e-01
-1.522911808291858016e-01
-1.227786583019546018e+00
-1.530470007209115302e+00
-3.927680543727793960e-01
-8.784128442727814345e-01
-4.545260531586525765e-01
-5.287306191355933827e-01
-4.250374094003284142e-02
