-1.852650443624792587e-01
-9.601195220003746478e-01
-8.923319175674402359e-01
-1.765268564837052523e-02
-9.232164374603701873e-02
-1.185475052035709354e+00
-3.425016708760613149e-01
-1.750827068239157125e+00
-4.102729158904847573e-01
-5.055634696377921955e-01
-1.779701362809567922e+00
-1.061452108628158086e+00
-1.033415574704662721e+00
-3.810835943197066200e-02
-1.839661266642896198e+00
-1.354645524823999470e+00
-1.774615529377927103e+00
-1.156226377921367732e+00
-7.941509124136558739e-02
-1.859983414999287987e+00
-5.832475329766331207e-01
-1.164442311434396693e+00
-1.339181415315078727e+00
-1.758693903616003862e+00
-1.699045100961466215e+00
-1.177321867550725543e+00
-4.002755168335445646e-01
-8.131857568585143525e-02
-3.176158866684257731e-01
-1.160758685333476592e+00
-3.604941466580688925e-01
