9.358678020020798627e-01
3.467806954666877495e+00
2.515373887450315316e+00
3.590213717271450555e+00
3.495447883787141663e+00
3.194615889121744878e+00
3.194124360890151060e+00
1.605850936800491624e+00
2.242240959743345918e+00
3.787194926757466718e-01
2.109124906570359670e+00
4.756798255804763897e-01
3.483639027630859530e+00
3.768852907558289722e+00
2.908850800978213691e+00
3.913990221203896169e+00
3.008078589654887836e-01
1.353628400403223964e+00
7.543354961478545562e-01
1.909858284462401912e+00
1.548241066767999996e+00
2.930839240444939264e+00
1.412985866395100487e+00
2.639556918384414530e+00
1.754043946972791090e+00
2.792257437019704192e+00
1.205075192909837334e+00
2.310267370033695755e+00
1.209706869420488218e+00
1.745857025720256139e+00
3.941188782326550566e+00
