3.938058400161983830e+00
2.602856333344512052e+00
2.281477858671044689e+00
2.077900986501939773e+00
3.518818658139474476e+00
3.177875319726370495e+00
2.804969863554732434e+00
2.456339264267241251e+00
2.934939522101283060e+00
3.053710577329868503e+00
2.847639533789878552e+00
3.224288139917027785e+00
2.708075367686044288e+00
3.655013915065950858e+00
2.035758694780429590e+00
2.784923933390628381e+00
2.771548337623197078e+00
3.427348762376874802e+00
3.266836618666948855e+00
2.799690878780265457e+00
3.699326606305875398e+00
2.025542145492092327e+00
2.451239096207605161e+00
2.610521103062694692e+00
2.537041872247457253e+00
3.730165414676142266e+00
2.138551167316330659e+00
2.891303687987108351e+00
2.732501628281024608e+00
2.283173894518055302e+00
3.150984136036061756e+00
