3.732485129469912177e+00
3.175060234867989273e+00
3.186833431526812976e+00
2.200355341691718980e+00
3.751388986670578518e+00
3.744993348129980859e+00
2.993494332392023338e+00
2.464967475529523444e+00
3.737032602664006387e+00
3.963163063831895538e+00
3.395830550422007654e+00
3.102725113301071147e+00
2.590941505215768270e+00
3.748102993297214969e+00
3.765177344379450286e+00
2.244509194376073324e+00
3.072907179376652476e+00
3.304704201729131263e+00
2.693345988034963057e+00
3.241951545435872273e+00
3.195343382015826794e+00
2.467362766305959632e+00
2.863397355740784356e+00
3.771439999178438196e+00
3.084980614532175647e+00
2.733636417378193961e+00
2.122046051179266701e+00
2.960045431801761939e+00
2.473969897721801203e+00
2.141975982033503811e+00
2.593781179506897239e+00
