3.995770540881874222e+00
2.868742851261255833e+00
3.780589383023958749e+00
2.387411001230921315e+00
2.905916016443524263e+00
2.053223277047904194e+00
2.166835444081539386e+00
3.173970067458789401e+00
3.713448169892500150e+00
3.911292799316407276e+00
3.452175243487128231e+00
2.532437452101608866e+00
3.663018448738804889e+00
2.121058154601520140e+00
2.103765249170327145e+00
3.273703259462298565e+00
3.068953447896571429e+00
3.548497156379585959e+00
3.295256887343029462e+00
2.873988008805895333e+00
2.631827961573646846e+00
2.393376260112499043e+00
2.943450871377105038e+00
3.429514734884564042e+00
2.932907897505515393e+00
3.549236151667504835e+00
3.316445104775135100e+00
2.550689625611384681e+00
2.733714057862977942e+00
2.806223819927723628e+00
3.637983659211025955e+00
