1.973534642977936571e+00
1.180539522286121024e+00
4.991144140040346677e-01
1.556748451226304120e-01
5.135810184978324422e-01
1.468380374172407077e+00
1.206346442614025793e+00
5.601536803569677758e-01
1.880691247869187066e+00
8.537991814793688405e-02
8.729488530487827802e-02
3.975373135808952796e-01
3.914222178232718008e-01
1.123763312273588610e+00
1.336272650614948265e+00
2.683166830519549961e-01
1.118371352776060146e+00
1.983107388956426576e-01
1.453670144229351813e+00
5.610984105168270730e-01
1.989071783002435811e+00
6.258085399147934602e-01
9.641004853784842510e-01
8.825702478046482113e-01
1.199474646511838216e+00
1.022517219316232406e+00
1.955605954142263236e+00
8.995827575646315744e-01
1.691029355886026320e+00
3.913734964636130798e-01
1.575560594564796357e+00
