5.835326960150633013e-02
3.066431553560358125e-01
1.551075657340910574e+00
4.980557254740540785e-01
1.721164935802348861e+00
7.919899667268461840e-01
8.047007691964620513e-01
6.108637969169294912e-01
1.541864514748230164e+00
1.029011938223279632e+00
1.608356936887393118e+00
2.992204487583443040e-01
5.217948530046623290e-02
1.214179770835297933e+00
5.892285638122070068e-01
1.400369929351200415e+00
1.448971061720008446e+00
1.722909521810028100e+00
3.231304434657982227e-01
1.271311586581070241e+00
1.395362881155055579e+00
1.472789465155811772e+00
1.646101757999015813e+00
1.421308806708379890e+00
1.329552052521778993e+00
1.605505341132516861e+00
1.885398907348207143e+00
2.941451489981554701e-01
1.295713402872419096e+00
1.182104843715367171e+00
4.875197849810639639e-01
