1.786613712684266275e+00
9.940962400335160432e-01
1.473493862494112960e+00
4.165302065543423637e-01
1.850581957379159537e+00
1.132976509517753527e+00
1.963252257322221972e+00
1.566862149048243058e+00
6.821805665791935702e-01
8.343431342973199882e-01
2.259485897317938807e-01
1.055931345198365179e+00
8.900622809839147109e-01
1.181463041851957385e+00
4.490271885567302945e-01
7.350892806020237202e-02
1.036596151087509909e+00
7.835843683166046070e-01
1.317081362217603413e+00
1.289689074359525289e+00
8.849835404497445879e-01
9.311550513359798664e-01
1.388716728790881483e+00
1.753788557327085496e+00
1.023300103375624825e+00
2.603926474874223018e-01
5.798996131340983240e-01
1.485855264451929170e+00
1.638976828646949713e+00
5.613439189190581047e-01
6.685841066664170995e-01
