3.906403859617766372e-01
9.401889933034532909e-01
1.796393455310247855e+00
1.588052098452945593e-01
3.905078690773402528e-01
1.468666006840109173e+00
1.331543721491904364e+00
4.586319367642355260e-02
1.844961276477054657e+00
1.556441137083248716e+00
1.022320428654017732e+00
1.799003695622647836e+00
6.242756741981354551e-01
1.852507315346132444e-01
1.772436054259062477e+00
1.074837572058794155e+00
8.243762755816557153e-01
1.239013479960460629e+00
4.662617141731972836e-01
1.337757722453214004e+00
1.465817931950049946e+00
7.559258982749290645e-01
1.372556524011544266e+00
1.026103146934612464e+00
1.502842952229503481e+00
1.571010861588103324e+00
1.279668852947453139e-01
5.813528923171791263e-01
1.428120661467792374e+00
4.158144296241297333e-01
7.796492288348528810e-01
