1.870806825504857329e+00
3.070409844034167612e+00
3.726917394394138938e+00
2.141643904483595762e+00
9.615590518569208101e-01
2.767690851109238181e+00
1.977093268610540022e+00
1.690773591361944383e+00
3.186906439321125717e+00
2.276187481920930011e+00
3.535009393429636049e+00
2.635278610243037889e+00
1.104134061216717200e-01
1.282861377363504474e-01
1.487179409673147212e+00
2.804883643657591463e+00
1.181857837944198408e+00
2.145605448916594327e-01
7.058656287764124571e-01
1.462894571830659629e-01
2.005166582652214480e+00
1.526576024002012311e+00
7.673732706385072433e-01
6.662943274570354291e-01
3.627678286958884613e+00
9.588349618016023257e-01
3.850975925781161990e+00
3.855524335105241285e+00
2.093897635365818743e+00
1.935699261874718857e+00
1.612892970273036575e+00
