1.338294903564137162e+00
1.482778903131265480e-02
1.244370544317239258e+00
1.116427489806967710e+00
1.720200615612631267e+00
1.146334821331835396e+00
6.865972182541981716e-01
7.615059767978422656e-01
1.961611747185839860e+00
1.732677221218148489e-02
1.378327665249738043e+00
3.931891899993962269e-01
1.832051992417699005e+00
1.840017521476485118e+00
1.720525768709734837e+00
1.116535425684051397e+00
4.576713583592471046e-01
1.585992364245296660e+00
1.297954727840742617e+00
1.497990528006688304e+00
1.499439817713652978e+00
2.833679197458147669e-01
1.794952731972592197e+00
9.813568426039753767e-01
1.728432828869772120e+00
1.532708813985476759e+00
1.970410591258519251e+00
1.948957910317361542e+00
5.678106314992459325e-01
1.316092175011597032e+00
7.250114373772120757e-02
