-1.408404938891110181e+00
-1.802575658791294000e+00
-1.708408133840995546e+00
-3.695591065235146466e-01
-7.442284765482409803e-01
-1.063322786420463739e+00
-2.976491661048035198e-01
-1.215419723769857185e+00
-5.418831286684215875e-01
-4.296530277234236195e-01
-2.883140498358081061e-01
-1.887431590102659928e+00
-1.475813725973392110e+00
-1.553518480932311263e+00
-8.709864867748846606e-01
-1.283805819067472154e+00
-5.536503504971621581e-01
-1.722791007037024258e+00
-1.784926894348708437e+00
-1.244301555470197052e+00
-1.520934518649479816e+00
-1.876019874743495297e+00
-9.982420199392914029e-01
-1.499738424038288276e+00
-4.564919635990905000e-01
-3.786044591212256449e-02
-1.822240181297076766e-01
-1.917351940623274409e+00
-2.554953557693311339e-01
-1.471391185467984641e+00
-1.721449122058690939e+00
