2.114452552580408096e+00
4.986890308919011972e-02
1.211400345255364108e+00
4.863258886469585818e-01
5.668069417543941668e-01
2.591125377315772305e+00
1.422100952100106674e+00
2.899955261598710088e+00
9.624153258183847370e-01
1.598816499739672992e+00
2.412920351339489677e+00
3.374220469360425412e+00
7.082031632426577517e-02
1.509271954646003167e-01
5.546248792470578337e-01
3.986855106555285744e+00
2.103126691429366701e+00
1.495717617980028891e+00
3.825979841055244357e+00
1.199928126090511249e+00
3.156251278666193372e+00
3.240246686379923524e+00
1.375368556372792206e+00
2.970679732022647457e-01
1.479716883834275798e+00
8.161195606285183146e-01
2.963534576366204654e+00
8.418697624985318484e-01
2.729215534255788000e+00
3.184740920511094586e+00
3.958171259604601921e+00
