1.799511228285930020e+00
1.387685694275762049e+00
5.737474381121332456e-01
5.781299261053876037e-01
1.711405770031930729e+00
1.158495734914062325e-01
4.716995940416013333e-01
1.755378016666802043e+00
9.459246121282571806e-02
4.224833549900854912e-01
1.813138723410058439e+00
1.992583382194220043e+00
1.304682558881303578e+00
1.467271145307350810e+00
1.585231089566704554e+00
9.186362249609731911e-01
7.388111948759550351e-01
5.836771643403895204e-01
6.440669481237231153e-01
6.601516171560937174e-01
1.896617524724724557e+00
1.129318920726847253e+00
1.241023544283487823e+00
1.939455838326340498e-01
1.621349279565771351e+00
1.668769979150233951e+00
1.318661399677338864e+00
1.253071666178522836e+00
8.273864756435473922e-01
4.587962425682992063e-01
3.282663706365509526e-01
