5.458345991981832235e-01
1.658364643884362888e+00
1.939547329398287445e+00
8.477538324744484655e-01
5.482406711510861008e-01
1.949777977886171687e+00
1.752937615286060957e+00
1.357113295633677996e+00
2.534180915885646534e-01
2.330616502542168789e-01
1.632135614295278536e+00
7.290537901881992688e-01
1.538288840512062716e+00
8.076374008177489294e-01
7.193645457765462936e-01
1.428694660323472476e+00
1.639238789275065500e+00
5.197081120084212635e-01
3.338457365091018758e-02
8.462884325509287820e-01
1.639928054669911983e+00
9.581989582753878132e-01
8.167585817391880276e-01
2.362895428984690405e-01
1.905607697182341020e-01
1.963348446377271905e+00
6.998724589069644786e-01
1.348062176884524010e+00
8.529932187335242944e-01
1.212693453492839968e+00
1.969860084014811719e+00
