1.181453768752002809e+00
2.240728241984810687e-01
1.457383201918910132e+00
1.886769236730968302e+00
5.121321360413455537e-01
2.510593736290815947e-01
1.569335911537374617e+00
1.526584737871787389e+00
1.015846050552643209e+00
1.863257730468066420e-01
2.554510232194919794e-01
3.560252072725544892e-01
1.950209019765228202e+00
3.726389673927332780e-02
4.853274111265895030e-01
1.194544421196107820e+00
9.852436038710541411e-01
8.035629428147319508e-01
4.664232249910202910e-01
1.825124471076938537e+00
1.932233240460619950e+00
7.369725473923303127e-01
1.879118427477623587e+00
1.671666768313995632e+00
9.819135496667557028e-01
1.635256044410492660e+00
1.128044818256312976e+00
9.422732106896525295e-01
1.754955614969361477e+00
1.473443379916568929e+00
1.167347688998013666e+00
