-5.614991427340578767e-01
9.551915171522527004e-01
-1.369006782954488521e+00
5.613923902525810306e-01
9.625047608230543617e-01
-1.803016970533693808e+00
-1.190650131150894353e-01
-8.478421212571340959e-02
-1.506952516373376127e+00
5.382212326366353494e-02
1.980289075079633143e+00
1.513071235214273891e+00
-1.802337851172590710e+00
1.303634974304617167e+00
6.960283409920640096e-01
9.261376979475510751e-02
-3.888702241702075568e-01
-1.559248169065003076e+00
-2.752619270526857065e-01
1.754788336584143238e+00
-4.754047794654194803e-01
-4.120081740388945590e-01
-1.901767700293067520e+00
1.665577766195805332e+00
-1.303175600278636992e+00
1.386996316328609424e+00
1.980306526259878019e+00
-1.216282286235756516e+00
-1.821449437722918674e+00
-1.575344392055368914e+00
-3.518582173079618514e-01
