2.426881747073519335e-01
1.810585265180445713e+00
1.636366957890657226e+00
1.879388623466694330e+00
1.401047650591302762e+00
1.700602890182589810e+00
5.543420311520486088e-01
3.130696484024002579e-01
7.936588820954515455e-02
8.106063350600778428e-01
3.880540834796861738e-01
9.014267652470939751e-01
1.430732069163856313e+00
1.942697610264494390e+00
1.102073786527371091e-01
9.345869493543532691e-01
1.382691543196009842e+00
1.503020218078609638e+00
6.437402907454634615e-01
6.282633321946535787e-01
1.394244007931204177e+00
1.830992648570965997e+00
1.926978017075240412e+00
6.774192685620468168e-01
1.765439498468974744e+00
5.199220044992141077e-01
3.770689121300740965e-03
8.059860575530297666e-02
6.953133075007760233e-01
9.930229860591799351e-02
5.701224903520629717e-01
