-7.904680559303089993e-02
-4.649797213047492939e-01
-1.029033389780995122e+00
-3.552047564209042108e-01
-2.255402221590063760e-02
-9.730454352618167491e-01
-1.930048410268528247e+00
-1.351669201212251981e+00
-9.816008446256758724e-01
-1.285221961652657896e+00
-1.903014163144151283e+00
-1.199508716234717554e+00
-1.089236268364074611e+00
-1.601620352641345058e+00
-6.706466845545921984e-01
-8.472107633161471973e-01
-1.499772929417603429e+00
-1.953300957030981166e+00
-5.459340041408391464e-01
-1.308108121720099160e+00
-1.984733505065272130e+00
-1.077717682974344005e+00
-4.680125593954542751e-01
-8.566366559696994010e-01
-1.058124480348084706e+00
-1.202114049240000870e+00
-1.232121414436209150e+00
-1.425164122130309519e+00
-1.496241294553273704e+00
-1.848013219463650714e+00
-1.745633603126718114e+00
