1.000000000000000000e+00	-2.596156397668021865e-01	1.625272300039636575e-01	-5.818004580376068269e-02	2.334915710629389615e-02	-8.618201651763144344e-01	1.780628557176326121e-01	-1.308798199970886422e-01	5.556667999889337156e-02	-2.168415655476937584e-02	2.298679830962630233e-01	-1.657625901846430105e-01	1.321100473035302647e-01	-8.237201671934826774e-02	5.556890178431291710e-02	-2.412830982042596939e-01	1.424174584934792542e-01	-1.726682925894453546e-01	7.006873297503796172e-02	-5.527321481773975892e-02
-2.596156397668021865e-01	1.000000000000000222e+00	-7.086152066625566182e-01	1.200984013111701110e-01	-3.655325890586003101e-02	1.820197309832786159e-01	-4.878849238390752796e-01	2.825849609289246556e-01	-1.219738926423429709e-01	3.310046963678907328e-02	-1.310596490743873299e-01	2.326906876396570567e-01	-2.585805882639218845e-01	1.042817311053953339e-01	-7.576227692111406342e-02	1.222105655198579000e-01	-1.458020358871766342e-01	1.703899743820714852e-01	-8.594190234661637506e-02	6.441285740967672702e-02
1.625272300039636575e-01	-7.086152066625566182e-01	1.000000000000000222e+00	-1.733088343292111810e-01	3.992394313181599902e-02	-1.566942740041922522e-01	2.928408808076864434e-01	-4.970270411852655279e-01	1.398524317158794661e-01	-3.669949875988351429e-02	1.154814168612762620e-01	-2.474601511335804138e-01	2.525301297055094207e-01	-1.179630139480938589e-01	8.027520289452887148e-02	-1.171989148203719938e-01	1.415004867710044634e-01	-1.904140344865773160e-01	9.066739694565492669e-02	-7.021814730103198565e-02
-5.818004580376068269e-02	1.200984013111701110e-01	-1.733088343292111810e-01	9.999999999999998890e-01	-1.211887615231806853e-01	5.197961822085323674e-02	-1.048599189506626422e-01	1.112789860411245446e-01	-9.289922541561356217e-01	1.033176063356870122e-01	-5.367651986110351381e-02	9.058985915559494839e-02	-1.037416848785209650e-01	1.748263868587298098e-01	-1.438245691705849483e-01	5.026109212640980650e-02	-6.873496451981264688e-02	8.808826402543862288e-02	-1.178378869472405943e-01	8.390524533384664807e-02
2.334915710629389615e-02	-3.655325890586003101e-02	3.992394313181599902e-02	-1.211887615231806853e-01	9.999999999999995559e-01	-2.103595369387846817e-02	3.921833658484397134e-02	-3.697548378359697546e-02	1.058856035133593498e-01	-9.552830097922243580e-01	2.591449849847448500e-02	-4.087537829984581872e-02	4.324131420358021116e-02	-1.763145285727956979e-01	1.636578937863474581e-01	-2.454021048959128745e-02	3.538110073356273005e-02	-4.978151166263017346e-02	8.899178056710543849e-02	-1.030155079367140181e-01
-8.618201651763144344e-01	1.820197309832786159e-01	-1.566942740041922522e-01	5.197961822085323674e-02	-2.103595369387846817e-02	9.999999999999993339e-01	-1.856966575517290385e-01	1.165953829526731461e-01	-5.152617123399252236e-02	1.934635109555623428e-02	-3.382309611850905506e-01	1.458126662849797972e-01	-1.254483554277393276e-01	7.011764530036684873e-02	-4.940423082827240242e-02	2.098626699562629316e-01	-1.351060472964983050e-01	1.438095402933056710e-01	-6.185917481464921208e-02	4.727838524207843979e-02
1.780628557176326121e-01	-4.878849238390752796e-01	2.928408808076864434e-01	-1.048599189506626422e-01	3.921833658484397134e-02	-1.856966575517290385e-01	9.999999999999993339e-01	-4.481249597351510960e-01	9.830573615706555968e-02	-3.643778398197446838e-02	1.575514511453520450e-01	-5.626699641900154703e-01	3.012891774478644313e-01	-1.385317672504610131e-01	9.232076995172433520e-02	-1.626874730227326205e-01	2.203905218406954636e-01	-2.773502899353499918e-01	1.134465493253437873e-01	-8.918251841536042890e-02
-1.308798199970886422e-01	2.825849609289246556e-01	-4.970270411852655279e-01	1.112789860411245446e-01	-3.697548378359697546e-02	1.165953829526731461e-01	-4.481249597351510960e-01	9.999999999999992228e-01	-1.142634163802577207e-01	3.376055102087010401e-02	-1.178987047671813948e-01	2.744007314182111967e-01	-6.337583519562280943e-01	1.179282159194140756e-01	-8.349521044606963982e-02	1.119435532667528849e-01	-1.654759087737880385e-01	2.042640241816998659e-01	-9.649250782899229661e-02	7.163502014901469706e-02
5.556667999889337156e-02	-1.219738926423429709e-01	1.398524317158794661e-01	-9.289922541561356217e-01	1.058856035133593498e-01	-5.152617123399252236e-02	9.830573615706555968e-02	-1.142634163802577207e-01	9.999999999999983347e-01	-1.075907640006946997e-01	5.134966807415818069e-02	-9.128106514330525112e-02	9.835205976144048567e-02	-2.227812161230155463e-01	1.335903470168298968e-01	-4.942555396430112213e-02	6.628709634818355512e-02	-8.824782987379736765e-02	1.086919160985277966e-01	-8.179935370602543776e-02
-2.168415655476937584e-02	3.310046963678907328e-02	-3.669949875988351429e-02	1.033176063356870122e-01	-9.552830097922243580e-01	1.934635109555623428e-02	-3.643778398197446838e-02	3.376055102087010401e-02	-1.075907640006946997e-01	1.000000000000000888e+00	-2.428384515787750803e-02	3.724523375556803434e-02	-4.006074731648608805e-02	1.519766026688660621e-01	-2.000440189731166607e-01	2.270816815394997509e-02	-3.323934265591453607e-02	4.593090414657118731e-02	-8.967026880152127732e-02	9.760757215172324863e-02
2.298679830962630233e-01	-1.310596490743873299e-01	1.154814168612762620e-01	-5.367651986110351381e-02	2.591449849847448500e-02	-3.382309611850905506e-01	1.575514511453520450e-01	-1.178987047671813948e-01	5.134966807415818069e-02	-2.428384515787750803e-02	1.000000000000000444e+00	-2.239968661002894323e-01	1.468295146739504453e-01	-1.000891364217375706e-01	6.711272798401377027e-02	-8.014635263912041063e-01	2.530257424752774265e-01	-2.755417467296624734e-01	9.227909784579899077e-02	-7.317112427055390278e-02
-1.657625901846430105e-01	2.326906876396570567e-01	-2.474601511335804138e-01	9.058985915559494839e-02	-4.087537829984581872e-02	1.458126662849797972e-01	-5.626699641900154703e-01	2.744007314182111967e-01	-9.128106514330525112e-02	3.724523375556803434e-02	-2.239968661002894323e-01	1.000000000000000222e+00	-4.874375989198320158e-01	1.364630648688698877e-01	-1.014813789716936532e-01	1.979133161376887828e-01	-4.517428367704082182e-01	2.939792628425431653e-01	-1.291217385965534314e-01	9.273476845061065510e-02
1.321100473035302647e-01	-2.585805882639218845e-01	2.525301297055094207e-01	-1.037416848785209650e-01	4.324131420358021116e-02	-1.254483554277393276e-01	3.012891774478644313e-01	-6.337583519562280943e-01	9.835205976144048567e-02	-4.006074731648608805e-02	1.468295146739504453e-01	-4.874375989198320158e-01	9.999999999999993339e-01	-1.752424347535567195e-01	1.101036221042300395e-01	-1.495699759824710706e-01	2.345291461608611239e-01	-3.756929367140783294e-01	1.338669206500608944e-01	-1.033192361342219340e-01
-8.237201671934826774e-02	1.042817311053953339e-01	-1.179630139480938589e-01	1.748263868587298098e-01	-1.763145285727956979e-01	7.011764530036684873e-02	-1.385317672504610131e-01	1.179282159194140756e-01	-2.227812161230155463e-01	1.519766026688660621e-01	-1.000891364217375706e-01	1.364630648688698877e-01	-1.752424347535567195e-01	9.999999999999997780e-01	-6.933214286268588600e-01	8.801238689770854440e-02	-1.400610110626042681e-01	1.774988447842287820e-01	-4.785931686111066785e-01	3.041648657594180349e-01
5.556890178431291710e-02	-7.576227692111406342e-02	8.027520289452887148e-02	-1.438245691705849483e-01	1.636578937863474581e-01	-4.940423082827240242e-02	9.232076995172433520e-02	-8.349521044606963982e-02	1.335903470168298968e-01	-2.000440189731166607e-01	6.711272798401377027e-02	-1.014813789716936532e-01	1.101036221042300395e-01	-6.933214286268588600e-01	9.999999999999994449e-01	-6.306400353155838800e-02	9.609597799150366992e-02	-1.406393462900500657e-01	3.075929253531897167e-01	-5.552818820717784210e-01
-2.412830982042596939e-01	1.222105655198579000e-01	-1.171989148203719938e-01	5.026109212640980650e-02	-2.454021048959128745e-02	2.098626699562629316e-01	-1.626874730227326205e-01	1.119435532667528849e-01	-4.942555396430112213e-02	2.270816815394997509e-02	-8.014635263912041063e-01	1.979133161376887828e-01	-1.495699759824710706e-01	8.801238689770854440e-02	-6.306400353155838800e-02	9.999999999999984457e-01	-4.073615833451485480e-01	2.366723722179762124e-01	-8.798734860831268489e-02	6.499758593328383571e-02
1.424174584934792542e-01	-1.458020358871766342e-01	1.415004867710044634e-01	-6.873496451981264688e-02	3.538110073356273005e-02	-1.351060472964983050e-01	2.203905218406954636e-01	-1.654759087737880385e-01	6.628709634818355512e-02	-3.323934265591453607e-02	2.530257424752774265e-01	-4.517428367704082182e-01	2.345291461608611239e-01	-1.400610110626042681e-01	9.609597799150366992e-02	-4.073615833451485480e-01	9.999999999999988898e-01	-6.755416963771578853e-01	1.464549507970670517e-01	-1.130170321660932398e-01
-1.726682925894453546e-01	1.703899743820714852e-01	-1.904140344865773160e-01	8.808826402543862288e-02	-4.978151166263017346e-02	1.438095402933056710e-01	-2.773502899353499918e-01	2.042640241816998659e-01	-8.824782987379736765e-02	4.593090414657118731e-02	-2.755417467296624734e-01	2.939792628425431653e-01	-3.756929367140783294e-01	1.774988447842287820e-01	-1.406393462900500657e-01	2.366723722179762124e-01	-6.755416963771578853e-01	9.999999999999991118e-01	-2.684267347207844878e-01	1.536712562257566139e-01
7.006873297503796172e-02	-8.594190234661637506e-02	9.066739694565492669e-02	-1.178378869472405943e-01	8.899178056710543849e-02	-6.185917481464921208e-02	1.134465493253437873e-01	-9.649250782899229661e-02	1.086919160985277966e-01	-8.967026880152127732e-02	9.227909784579899077e-02	-1.291217385965534314e-01	1.338669206500608944e-01	-4.785931686111066785e-01	3.075929253531897167e-01	-8.798734860831268489e-02	1.464549507970670517e-01	-2.684267347207844878e-01	9.999999999999986677e-01	-7.361295162292476046e-01
-5.527321481773975892e-02	6.441285740967672702e-02	-7.021814730103198565e-02	8.390524533384664807e-02	-1.030155079367140181e-01	4.727838524207843979e-02	-8.918251841536042890e-02	7.163502014901469706e-02	-8.179935370602543776e-02	9.760757215172324863e-02	-7.317112427055390278e-02	9.273476845061065510e-02	-1.033192361342219340e-01	3.041648657594180349e-01	-5.552818820717784210e-01	6.499758593328383571e-02	-1.130170321660932398e-01	1.536712562257566139e-01	-7.361295162292476046e-01	9.999999999999988898e-01
