1.000000000000000000e+00	-4.660188335333708132e-01	1.945440918785945605e-01	-1.530116517157657785e-01	1.239261456515941551e-01	-6.013388798120048451e-01	2.703482865906364774e-01	-2.108460691476345128e-01	1.540944727324813357e-01	-1.121619833097796254e-01	3.069236360382449624e-01	-3.063663656216258357e-01	1.847690845463954290e-01	-1.327690204526016382e-01	1.298107806500869155e-01	-3.710153948635862009e-01	1.650989356641256178e-01	-1.919702425237990728e-01	1.146160233719720756e-01	-9.863301614396205452e-02
-4.660188335333708132e-01	9.999999999999997780e-01	-3.029071913819927353e-01	1.789903677838039497e-01	-1.345709577273296043e-01	2.252038253877628460e-01	-7.156044125806436673e-01	2.558733884428243122e-01	-1.951870314629705894e-01	1.170571109485566974e-01	-2.188132081536842133e-01	1.973202402691113799e-01	-1.587631397870073457e-01	1.248084207524474687e-01	-1.243569646187023120e-01	2.144824533374385389e-01	-1.109523278935547891e-01	1.297126301119582437e-01	-1.068755154111773742e-01	9.060114551653053461e-02
1.945440918785945605e-01	-3.029071913819927353e-01	1.000000000000000000e+00	-6.608850984556806640e-01	2.297634958523732396e-01	-1.450471543974266864e-01	2.412506259031392264e-01	-4.409567754418063368e-01	3.018331771722290169e-01	-2.211845066742208488e-01	1.672159108959679619e-01	-2.350933852832832460e-01	2.046918341489684101e-01	-1.926448947291319325e-01	1.819680925776325509e-01	-2.952434914393540777e-01	1.452363872776729903e-01	-1.829577729460836188e-01	1.527038136580375349e-01	-1.422871586156350121e-01
-1.530116517157657785e-01	1.789903677838039497e-01	-6.608850984556806640e-01	1.000000000000000000e+00	-3.716266244566330812e-01	1.069203337103292600e-01	-1.925034150691637691e-01	2.886769574784714409e-01	-4.984335852249631160e-01	2.465798706658270389e-01	-1.339031288638042327e-01	1.783688217403825715e-01	-1.903428800294400536e-01	1.959827355497935908e-01	-2.016843009173359680e-01	2.002074913063070782e-01	-1.112935547346980830e-01	1.390606417180612897e-01	-1.623166829110562481e-01	1.412137024255648854e-01
1.239261456515941551e-01	-1.345709577273296043e-01	2.297634958523732396e-01	-3.716266244566330812e-01	9.999999999999995559e-01	-9.114380155288918928e-02	1.374855645250745162e-01	-2.304470743510586006e-01	2.592185582870444316e-01	-7.799312707968564240e-01	1.184978197954524304e-01	-1.870220116204106831e-01	1.757067106691710678e-01	-2.045402959684395616e-01	2.434905827654987587e-01	-2.213832166904785570e-01	1.173768355374226191e-01	-1.540636527506805409e-01	1.623374616502910039e-01	-1.930742688191456891e-01
-6.013388798120048451e-01	2.252038253877628460e-01	-1.450471543974266864e-01	1.069203337103292600e-01	-9.114380155288918928e-02	9.999999999999995559e-01	-2.473054478855180871e-01	1.483523573833104570e-01	-1.149270674208531101e-01	8.019177514319328348e-02	-6.703654682761821526e-01	2.198026888418095071e-01	-1.403469225255379316e-01	9.575881560848045759e-02	-9.572712252309464875e-02	2.315423106628659577e-01	-1.153450119311710542e-01	1.273548068893983753e-01	-8.416574756575989635e-02	7.058571026328788744e-02
2.703482865906364774e-01	-7.156044125806436673e-01	2.412506259031392264e-01	-1.925034150691637691e-01	1.374855645250745162e-01	-2.473054478855180871e-01	1.000000000000000222e+00	-4.482867114346336668e-01	2.105698973252225770e-01	-1.286869232068146851e-01	1.991535651561529841e-01	-2.375879410446372908e-01	1.724295463231368397e-01	-1.395932972957042162e-01	1.307998499374342094e-01	-2.446263300913983085e-01	1.243875010354505567e-01	-1.471599062162907146e-01	1.135725049886218696e-01	-9.864295696006422642e-02
-2.108460691476345128e-01	2.558733884428243122e-01	-4.409567754418063368e-01	2.886769574784714409e-01	-2.304470743510586006e-01	1.483523573833104570e-01	-4.482867114346336668e-01	1.000000000000000444e+00	-5.789647888434155121e-01	2.032184180848254917e-01	-1.781173884794421958e-01	2.155512542583507829e-01	-2.603425819495734372e-01	2.170919484892646356e-01	-2.025411026476803267e-01	2.232980457123262541e-01	-1.294946316808982811e-01	1.591952742645852403e-01	-1.748233287902346555e-01	1.435628086524185776e-01
1.540944727324813357e-01	-1.951870314629705894e-01	3.018331771722290169e-01	-4.984335852249631160e-01	2.592185582870444316e-01	-1.149270674208531101e-01	2.105698973252225770e-01	-5.789647888434155121e-01	1.000000000000000666e+00	-3.326997884919765114e-01	1.390290576192926009e-01	-2.064358203971311811e-01	2.227853136555782987e-01	-3.481971586820958864e-01	2.229929336789479022e-01	-2.197968329800406295e-01	1.239694325554731996e-01	-1.600122082542544955e-01	1.922904846679273638e-01	-1.721290459364956393e-01
-1.121619833097796254e-01	1.170571109485566974e-01	-2.211845066742208488e-01	2.465798706658270389e-01	-7.799312707968564240e-01	8.019177514319328348e-02	-1.286869232068146851e-01	2.032184180848254917e-01	-3.326997884919765114e-01	9.999999999999998890e-01	-1.058536823456439624e-01	1.582131022569880918e-01	-1.718217613258939958e-01	2.013801539075656677e-01	-3.710379173445410572e-01	1.740265839555054095e-01	-9.966338700981600129e-02	1.285158649144763077e-01	-1.742935029219948584e-01	1.881518435505998288e-01
3.069236360382449624e-01	-2.188132081536842133e-01	1.672159108959679619e-01	-1.339031288638042327e-01	1.184978197954524304e-01	-6.703654682761821526e-01	1.991535651561529841e-01	-1.781173884794421958e-01	1.390290576192926009e-01	-1.058536823456439624e-01	9.999999999999998890e-01	-4.194203797303225345e-01	2.051109467946656273e-01	-1.346830034277356203e-01	1.321550875753098042e-01	-4.055930374592575660e-01	1.865069111320943607e-01	-2.063762932661961091e-01	1.179659547842011880e-01	-9.943329978911338851e-02
-3.063663656216258357e-01	1.973202402691113799e-01	-2.350933852832832460e-01	1.783688217403825715e-01	-1.870220116204106831e-01	2.198026888418095071e-01	-2.375879410446372908e-01	2.155512542583507829e-01	-2.064358203971311811e-01	1.582131022569880918e-01	-4.194203797303225345e-01	1.000000000000000888e+00	-5.478350059456484900e-01	2.364569009600198113e-01	-2.404953202354552233e-01	3.151236562585971179e-01	-3.721421044015489343e-01	2.854206071452383142e-01	-2.192110915512820446e-01	1.653521541008463602e-01
1.847690845463954290e-01	-1.587631397870073457e-01	2.046918341489684101e-01	-1.903428800294400536e-01	1.757067106691710678e-01	-1.403469225255379316e-01	1.724295463231368397e-01	-2.603425819495734372e-01	2.227853136555782987e-01	-1.718217613258939958e-01	2.051109467946656273e-01	-5.478350059456484900e-01	1.000000000000000444e+00	-4.833082536055866574e-01	2.430254030132715237e-01	-3.405162132326213231e-01	2.569878628913735974e-01	-4.052824632410232386e-01	2.423990814415410422e-01	-2.093465618417708896e-01
-1.327690204526016382e-01	1.248084207524474687e-01	-1.926448947291319325e-01	1.959827355497935908e-01	-2.045402959684395616e-01	9.575881560848045759e-02	-1.395932972957042162e-01	2.170919484892646356e-01	-3.481971586820958864e-01	2.013801539075656677e-01	-1.346830034277356203e-01	2.364569009600198113e-01	-4.833082536055866574e-01	1.000000000000000444e+00	-4.450201854604106666e-01	2.112970415356647813e-01	-1.475243527745243866e-01	1.962979306423028314e-01	-5.402440323043662396e-01	2.894505472550575886e-01
1.298107806500869155e-01	-1.243569646187023120e-01	1.819680925776325509e-01	-2.016843009173359680e-01	2.434905827654987587e-01	-9.572712252309464875e-02	1.307998499374342094e-01	-2.025411026476803267e-01	2.229929336789479022e-01	-3.710379173445410572e-01	1.321550875753098042e-01	-2.404953202354552233e-01	2.430254030132715237e-01	-4.450201854604106666e-01	9.999999999999998890e-01	-2.505347578824126398e-01	1.476783739950505714e-01	-2.042044061763696461e-01	3.144602718275520403e-01	-6.107792982147812744e-01
-3.710153948635862009e-01	2.144824533374385389e-01	-2.952434914393540777e-01	2.002074913063070782e-01	-2.213832166904785570e-01	2.315423106628659577e-01	-2.446263300913983085e-01	2.232980457123262541e-01	-2.197968329800406295e-01	1.740265839555054095e-01	-4.055930374592575660e-01	3.151236562585971179e-01	-3.405162132326213231e-01	2.112970415356647813e-01	-2.505347578824126398e-01	1.000000000000000222e+00	-4.668361415903136136e-01	2.946090124778005803e-01	-2.147781765380908092e-01	1.657369975210481461e-01
1.650989356641256178e-01	-1.109523278935547891e-01	1.452363872776729903e-01	-1.112935547346980830e-01	1.173768355374226191e-01	-1.153450119311710542e-01	1.243875010354505567e-01	-1.294946316808982811e-01	1.239694325554731996e-01	-9.966338700981600129e-02	1.865069111320943607e-01	-3.721421044015489343e-01	2.569878628913735974e-01	-1.475243527745243866e-01	1.476783739950505714e-01	-4.668361415903136136e-01	9.999999999999997780e-01	-7.452091084569609780e-01	1.429099619154141632e-01	-1.116915815305915272e-01
-1.919702425237990728e-01	1.297126301119582437e-01	-1.829577729460836188e-01	1.390606417180612897e-01	-1.540636527506805409e-01	1.273548068893983753e-01	-1.471599062162907146e-01	1.591952742645852403e-01	-1.600122082542544955e-01	1.285158649144763077e-01	-2.063762932661961091e-01	2.854206071452383142e-01	-4.052824632410232386e-01	1.962979306423028314e-01	-2.042044061763696461e-01	2.946090124778005803e-01	-7.452091084569609780e-01	1.000000000000000222e+00	-2.104202366049826300e-01	1.474895222728196398e-01
1.146160233719720756e-01	-1.068755154111773742e-01	1.527038136580375349e-01	-1.623166829110562481e-01	1.623374616502910039e-01	-8.416574756575989635e-02	1.135725049886218696e-01	-1.748233287902346555e-01	1.922904846679273638e-01	-1.742935029219948584e-01	1.179659547842011880e-01	-2.192110915512820446e-01	2.423990814415410422e-01	-5.402440323043662396e-01	3.144602718275520403e-01	-2.147781765380908092e-01	1.429099619154141632e-01	-2.104202366049826300e-01	1.000000000000000444e+00	-6.661272437066141361e-01
-9.863301614396205452e-02	9.060114551653053461e-02	-1.422871586156350121e-01	1.412137024255648854e-01	-1.930742688191456891e-01	7.058571026328788744e-02	-9.864295696006422642e-02	1.435628086524185776e-01	-1.721290459364956393e-01	1.881518435505998288e-01	-9.943329978911338851e-02	1.653521541008463602e-01	-2.093465618417708896e-01	2.894505472550575886e-01	-6.107792982147812744e-01	1.657369975210481461e-01	-1.116915815305915272e-01	1.474895222728196398e-01	-6.661272437066141361e-01	1.000000000000000444e+00
