8.456559638241682997e-01
9.138139940878171608e-01
1.023396758375388238e+00
1.529183510536353818e+00
8.747819671890812998e-01
1.997597820160438964e+00
1.165153129867709136e+00
1.244140948386944778e+00
1.247042662431052662e-01
1.085578800153156998e+00
2.171271683537949748e-01
1.344702601259831098e+00
1.291362512879831392e+00
1.915644133256050097e+00
1.154309964034574421e-01
1.522019631666617023e+00
8.289338765678424537e-01
1.337740600643058997e+00
1.436989790109150178e+00
4.587090696310753835e-01
1.339818704239536640e+00
3.189979034217333975e-01
2.794716781246338044e-01
1.511987176195758398e+00
3.087211710929249620e-02
2.839280676111544111e-01
1.005787852592199272e-03
1.750325930213032954e+00
6.131396495000176472e-01
1.644240616797903787e+00
4.907996218910342101e-01
