2.856289381197460120e+00
3.734604260400052667e+00
2.194550552702415835e+00
3.874353712511329206e+00
2.463303202635112044e+00
3.452189718805784402e+00
2.315856002554267157e+00
3.818615349695980932e+00
2.110988473455117642e+00
2.068087397348549850e+00
2.362057439158534944e+00
2.457306620547464071e+00
3.314348513168008381e+00
2.859143430322026891e+00
2.647608692689653154e+00
2.622589276629307964e+00
2.474238438105412552e+00
2.947090511608638330e+00
2.665714839962483484e+00
2.042048914251188840e+00
2.894209703038644665e+00
3.649336264516946038e+00
3.948925186047384628e+00
2.958303478328778713e+00
3.474272076164133249e+00
3.395615265899633695e+00
3.678559782173649761e+00
3.742496607014645260e+00
3.585625214679126760e+00
2.101797309910775180e+00
2.492622638948516212e+00
