2.501367581598577416e+00
1.982514142204403029e+00
9.003261236322597227e-01
7.432714048260296025e-01
3.312189462820868791e+00
3.344762280723432291e+00
2.903378487768902616e+00
3.378455694244796526e+00
6.352471808318531643e-01
1.088479739695635828e+00
5.807586830440367720e-01
2.159012567102594815e+00
1.125866641538848079e+00
1.048501517831436303e+00
1.380414682280930450e+00
9.381407517422317710e-01
1.895746917030815659e+00
3.193555261120581967e+00
3.238210007438642180e-01
1.874773104665774071e+00
2.107246839908638592e+00
2.467474440897472476e+00
2.662201083138853619e+00
2.731573821779317512e+00
4.689653818696513099e-01
1.607626558857162102e+00
2.086009374354998336e+00
1.127344476924507788e+00
3.907493389046034160e+00
1.132297052634160472e+00
2.070207960969728589e+00
