-1.045887861918908257e-01
-7.150479376135310261e-02
-1.911849990677790156e+00
-1.050268802412967162e+00
-7.282828444360802678e-01
-1.534827380498006821e+00
-1.486861003436166673e+00
-2.993088728741617466e-01
-3.367041280276001913e-01
-1.580273664473096584e+00
-1.358813316290900630e+00
-9.570526320953565147e-02
-1.791416321701601255e+00
-1.821657526009197614e+00
-2.947778926658628507e-01
-2.997495320600673807e-01
-1.629691225639129826e+00
-1.578783466201574726e+00
-1.268551735622166721e+00
-1.055449614832006056e+00
-1.840209262184280270e-01
-4.876543781810505074e-01
-6.116092297112278864e-01
-1.641843933297286728e+00
-1.576212741584106070e+00
-3.942610489776985361e-01
-2.221173192961818366e-01
-1.295646159134739239e+00
-1.242394153112702071e+00
-1.959541943589901525e+00
-1.350591364082569079e+00
