7.192504286329710617e-01
1.477595758576126350e+00
3.154966085227557393e-01
1.280696195126290515e+00
1.481252380411527181e+00
9.849151473315309602e-02
9.404674934424552823e-01
9.576078939371432952e-01
2.465237418133119363e-01
1.026911061631831767e+00
1.990144537539816572e+00
1.756535617607136945e+00
9.883107441370464485e-02
1.651817487152308583e+00
1.348014170496032005e+00
1.046306884897377554e+00
8.055648879148962216e-01
2.203759154674984622e-01
8.623690364736571468e-01
1.877394168292071619e+00
7.622976102672902599e-01
7.939959129805527205e-01
4.911614985346623996e-02
1.832788883097902666e+00
3.484121998606815040e-01
1.693498158164304712e+00
1.990153263129939010e+00
3.918588568821217422e-01
8.927528113854066305e-02
2.123278039723155430e-01
8.240708913460190743e-01
