-1.935560994224492681e+00
-8.517032482288660056e-01
-5.574883738989946380e-01
-7.146940227547400326e-01
-3.259165731916393582e-01
-1.079176200265548058e+00
-1.834930780598460043e+00
-1.348856116615570144e+00
-8.779489687192554292e-01
-1.409228930839770300e+00
-1.170672703794827907e+00
-7.271741427781019951e-01
-9.893715551147366227e-01
-6.046752173348872716e-01
-2.450578120887043632e-01
-1.289814901288965476e+00
-5.940305765945641525e-02
-1.599376185233083003e+00
-1.606996755317113390e+00
-1.572496228534848051e+00
-1.787749225474460246e+00
-9.481743990117514898e-01
-8.433499466690923541e-01
-9.790891236683632037e-01
-5.714247397946787821e-01
-6.929073231423954482e-01
-1.095693160241846265e-01
-1.985462652896487601e+00
-9.582498441371889442e-01
-6.618097008635537293e-02
-1.634197561408836652e+00
