1.586570996931442323e-01
8.613714187894556673e-01
1.575818793164896370e+00
2.793484972801101307e-01
9.929564042512830646e-01
8.889335663533559639e-01
2.766745817820579489e-01
1.945673702705918551e+00
4.106924708445482963e-01
7.140267899438694776e-01
8.774538490087855358e-01
7.218788578106325460e-01
9.579143609485405442e-01
4.336022172264883956e-01
7.516163091139329566e-01
1.463790507418672338e+00
1.697369810102602905e+00
9.881656378177892108e-01
3.889896402339876325e-01
9.009273674488018635e-01
1.455742944918496207e+00
1.848824691811027154e+00
1.081482589817558182e+00
5.105278136269619793e-01
1.811681003314335126e+00
1.086316336545676275e+00
4.833878033343581571e-01
1.743253011792174512e+00
1.617965139484955905e+00
9.991600609014659184e-01
5.355048050279154204e-01
