1.328836771800913752e+00
9.673856200439794328e-01
1.194515616566282024e+00
4.755811535001215340e-01
7.533911398118045000e-01
9.096063485393419690e-01
2.812407491556006001e-01
1.195101772768210058e+00
1.265186177792004152e+00
9.891664943514428820e-01
1.092532412270630360e+00
9.952779848520867390e-01
4.307171033403722760e-03
1.631614129928019796e+00
1.710029010138717886e+00
1.149602063310900757e+00
8.635082816787051918e-01
1.156507044165638209e+00
1.657310409589381361e+00
1.056491421848836598e+00
1.830409213031336524e+00
7.927694182134787937e-01
6.010845805259812380e-02
1.202471727611744257e+00
1.271245766593441129e+00
1.904660069445755610e+00
1.915000070912459940e+00
1.242196635795937976e+00
9.588711762724542176e-01
1.044351066739296563e+00
7.466357160667551618e-01
