2.473198085897312382e-01
1.370562215641630832e+00
7.006300087110659547e-01
1.696036688863462150e+00
9.702103322859643164e-01
1.173809427606109512e+00
6.878954852736502978e-01
1.966556486913100699e+00
9.516460339204817487e-01
8.286292630902991618e-01
9.511369633435409199e-01
9.487200201180416848e-01
5.794181597433167852e-02
5.987802327146356518e-01
1.369448740933397080e+00
1.110089615346186775e+00
1.687640584368992336e+00
1.733394992710405980e+00
4.055219611394069723e-01
1.873509326543551179e+00
1.018885952785380855e+00
1.940739939222126953e+00
1.127452928030075352e+00
1.322226623995812478e+00
2.841266276732135054e-02
4.052249147413666819e-01
6.765597609763931430e-01
1.182834546642093532e+00
1.201443513097735227e-01
1.464373127653790352e+00
3.611849000514588681e-02
