1.257246239399233634e+00
5.777489303124871967e-01
1.033371983720446252e+00
1.384085260303537179e+00
1.234006912013581925e+00
1.994998151470349868e+00
1.163575707488205158e+00
1.373022443393403513e-01
1.480775377221535294e+00
1.492368156706033400e+00
5.444809961735672665e-01
1.531936565404445005e+00
6.654159159705539395e-01
6.602155325316627632e-01
1.544926922757459575e+00
4.619399976698144172e-01
3.829898169353085358e-01
1.463740692496082296e+00
1.515188770790774075e+00
1.637868283546336290e+00
1.302851851501001246e+00
5.647964560133935663e-01
4.173565953008306906e-01
8.499069151860596527e-01
5.534795908756118266e-01
8.582410682946184366e-01
1.464244518269931739e+00
1.598567261507169768e+00
3.151927104208813724e-01
6.444079022333877305e-01
1.472684087066073566e+00
