4.403997295818951052e-01
1.192253010426492121e+00
1.883695812885771925e+00
1.317392887931352341e-01
9.970786816929781970e-01
7.731784124403784375e-03
1.016862178871171807e-01
5.353862670118658684e-02
2.981016701057503937e-01
1.933085370774930922e+00
8.000531091831573072e-01
7.259809781528874240e-01
5.310278501137144502e-01
1.810329810729937261e+00
7.781783976950236159e-01
3.975106580228282560e-01
2.804421797151452900e-01
1.994253157970998114e+00
1.173936100048173614e+00
1.076041686386148388e+00
6.895370717928814841e-01
7.743185896249897837e-01
1.609450613512328765e+00
1.318235090490221584e+00
1.480162041294480257e+00
1.845613811468327370e-01
1.707450531159261153e+00
6.575862561016165841e-03
1.474035559750690005e+00
9.464015313780858030e-01
1.184684298783909906e+00
