1.862565950118209468e+00
7.367090324307441485e-01
1.067126694419028965e+00
1.366940745480940134e+00
1.892360070854085308e+00
1.841018560607019072e+00
8.380664077245763011e-01
1.103804465880593000e+00
9.947834111826336922e-02
1.592941991672975899e+00
1.670798415430355011e+00
1.676553935650126004e+00
1.036876631370286628e+00
1.229929350438352387e-01
4.181677770669285366e-01
2.732483153269695819e-01
3.423743726440382495e-01
8.259898087014101442e-01
1.908037727491522340e+00
1.344369302007509592e+00
5.271601061867769999e-02
7.318626661230158703e-01
9.627761214744898766e-01
5.007814617433430371e-01
8.143777777806273654e-01
1.795257995441239096e+00
1.109533823603877423e+00
1.209350010386001539e+00
1.213657311317493548e+00
6.308439688930884692e-01
5.095111633369850956e-01
