3.983114148949626454e+00
1.891179196258999440e+00
1.383047535861027910e+00
3.231287182321971763e+00
2.187071825394180991e+00
2.110388789865369041e+00
2.841638649220197266e-01
2.102359844675027567e+00
3.434835232647568404e-01
2.406050387814884672e+00
3.821534489729078388e+00
1.498476920273783541e+00
3.088314289076683927e+00
1.704922435685150006e+00
2.325675350184130963e-01
3.927924313362486153e+00
2.990152739559823303e+00
2.281208799810833021e+00
1.616198875498399801e+00
1.042214245456547950e+00
1.262945970822853425e+00
1.206061467281439370e+00
1.112933416280442955e+00
1.344154634710648111e+00
7.277804024847887021e-01
2.736872495664298022e+00
3.660415673897581712e+00
6.680302116676770652e-01
3.403140010570373519e-01
2.167695060933601425e+00
1.926349722970888578e+00
