1.000000000000000000e+00	-8.953053786073261744e-01	1.449418777238341005e-01	-1.355476859478940421e-01	1.163704264095126728e-01	-2.267947662694947686e-01	2.284604250538999071e-01	-1.110481110574403074e-01	9.239036210041756680e-02	-1.006573344675574105e-01	1.606345769161979242e-01	-1.729488300472326878e-01	9.912833736046822164e-02	-8.378698911252580039e-02	8.423423554459386065e-02	-1.664169414815044878e-01	1.048313071076527880e-01	-9.531074954275553512e-02	6.491923079246630923e-02	-1.080938623840870805e-01
-8.953053786073261744e-01	1.000000000000000222e+00	-1.776519679160414589e-01	1.299139994713313095e-01	-1.142612961739282174e-01	1.823210658323579370e-01	-2.922921343844797071e-01	1.057129990533122871e-01	-9.012465218144170842e-02	9.197796523877461994e-02	-1.556293886727078690e-01	1.459407555780755095e-01	-9.389145939900522819e-02	7.680426249952883311e-02	-7.743855907485122647e-02	1.355729265366531766e-01	-9.127192977069804869e-02	8.270647979465858834e-02	-5.728642075810788659e-02	9.420284060199021758e-02
1.449418777238341005e-01	-1.776519679160414589e-01	1.000000000000000222e+00	-8.733804622474671264e-01	2.477832302163785194e-01	-8.432479955422134132e-02	1.192332804385612538e-01	-1.623262953517152773e-01	1.530976669344119856e-01	-2.087882866723772546e-01	8.810092389798883372e-02	-1.105199282248171405e-01	1.303941728161011615e-01	-1.304952726459965018e-01	1.363412851326746000e-01	-1.150507537518458134e-01	7.903314582203109506e-02	-1.495711669301279523e-01	1.002148968807982099e-01	-1.870314844074874583e-01
-1.355476859478940421e-01	1.299139994713313095e-01	-8.733804622474671264e-01	1.000000000000000222e+00	-3.538052080551808976e-01	7.169017576993329255e-02	-1.045314102859586508e-01	1.369870151147647153e-01	-1.578461034876390001e-01	1.816943147338547226e-01	-7.608700837366517977e-02	9.114990887249065088e-02	-1.167343497606999070e-01	1.139244762886243156e-01	-1.217827495858069542e-01	9.339355024082032775e-02	-6.527585127648297125e-02	1.191546377147342517e-01	-8.181288774451539458e-02	1.488956609565721678e-01
1.163704264095126728e-01	-1.142612961739282174e-01	2.477832302163785194e-01	-3.538052080551808976e-01	1.000000000000000000e+00	-1.141296104269386574e-01	1.633691830090833741e-01	-2.419317228254279362e-01	2.397290188012891621e-01	-6.044777845225384194e-01	1.323865014999214273e-01	-1.790721185338376709e-01	2.272965303143813787e-01	-2.397224283679642576e-01	2.876685599313931752e-01	-1.947003140002927235e-01	1.357421930482006767e-01	-3.116052994703876755e-01	2.057154786013138947e-01	-4.023552243149748353e-01
-2.267947662694947686e-01	1.823210658323579370e-01	-8.432479955422134132e-02	7.169017576993329255e-02	-1.141296104269386574e-01	1.000000000000000000e+00	-5.834564629954696047e-01	1.423666753442405786e-01	-1.163789258602716953e-01	9.662304059166976211e-02	-6.873609599451698804e-01	2.479075801088667097e-01	-1.289879318229116834e-01	9.556339771174697517e-02	-9.215152739612428312e-02	2.238772895571815857e-01	-1.578017380609308407e-01	9.673232404982652632e-02	-6.867311137013351607e-02	1.029784167849964738e-01
2.284604250538999071e-01	-2.922921343844797071e-01	1.192332804385612538e-01	-1.045314102859586508e-01	1.633691830090833741e-01	-5.834564629954696047e-01	1.000000000000000444e+00	-2.841098059919900387e-01	1.776675767888125090e-01	-1.506118836001864580e-01	3.134836640158087939e-01	-4.412284321617592209e-01	1.918680800586461954e-01	-1.506972072505767535e-01	1.383274917497630263e-01	-3.412682514906638098e-01	2.216174238000352403e-01	-1.500772052636079601e-01	1.048671691179040577e-01	-1.606213599631816091e-01
-1.110481110574403074e-01	1.057129990533122871e-01	-1.623262953517152773e-01	1.369870151147647153e-01	-2.419317228254279362e-01	1.423666753442405786e-01	-2.841098059919900387e-01	1.000000000000000000e+00	-6.840867805300412385e-01	2.405917156119548039e-01	-1.474901329045679443e-01	1.750002183441257964e-01	-4.983144294888030568e-01	2.886621533686533070e-01	-2.307265190224659090e-01	1.550359289572329491e-01	-1.167110196134454603e-01	1.694544879267794180e-01	-1.337724976006177124e-01	1.967062459868206548e-01
9.239036210041756680e-02	-9.012465218144170842e-02	1.530976669344119856e-01	-1.578461034876390001e-01	2.397290188012891621e-01	-1.163789258602716953e-01	1.776675767888125090e-01	-6.840867805300412385e-01	9.999999999999996669e-01	-3.841388450441399205e-01	1.181247729563224130e-01	-1.563433833699984232e-01	3.088543377181639515e-01	-4.447894601140844340e-01	2.527489796810404310e-01	-1.463059465181866248e-01	1.062581647905619375e-01	-1.919349759355553908e-01	1.497833613020819465e-01	-2.267050483154473273e-01
-1.006573344675574105e-01	9.197796523877461994e-02	-2.087882866723772546e-01	1.816943147338547226e-01	-6.044777845225384194e-01	9.662304059166976211e-02	-1.506118836001864580e-01	2.405917156119548039e-01	-3.841388450441399205e-01	9.999999999999990008e-01	-1.137354928770740736e-01	1.380816051584974335e-01	-2.691740461503295823e-01	2.629128759317871933e-01	-5.279573297014985567e-01	1.370320372151312138e-01	-1.026608493634437735e-01	2.024486069512228259e-01	-1.606765958469064115e-01	2.715164031558641722e-01
1.606345769161979242e-01	-1.556293886727078690e-01	8.810092389798883372e-02	-7.608700837366517977e-02	1.323865014999214273e-01	-6.873609599451698804e-01	3.134836640158087939e-01	-1.474901329045679443e-01	1.181247729563224130e-01	-1.137354928770740736e-01	9.999999999999996669e-01	-4.226137183655714891e-01	1.441445499837348543e-01	-1.127192204734193265e-01	1.098542166640631701e-01	-4.125878064539379997e-01	2.336598864839181389e-01	-1.284986015271712134e-01	8.860044911459609429e-02	-1.322670838735959531e-01
-1.729488300472326878e-01	1.459407555780755095e-01	-1.105199282248171405e-01	9.114990887249065088e-02	-1.790721185338376709e-01	2.479075801088667097e-01	-4.412284321617592209e-01	1.750002183441257964e-01	-1.563433833699984232e-01	1.380816051584974335e-01	-4.226137183655714891e-01	1.000000000000000222e+00	-2.322243504124268665e-01	1.476867553131274990e-01	-1.455062672431855220e-01	3.287053196646674280e-01	-6.078572897213645465e-01	1.599671548241183017e-01	-1.176702597536611328e-01	1.515454098201818867e-01
9.912833736046822164e-02	-9.389145939900522819e-02	1.303941728161011615e-01	-1.167343497606999070e-01	2.272965303143813787e-01	-1.289879318229116834e-01	1.918680800586461954e-01	-4.983144294888030568e-01	3.088543377181639515e-01	-2.691740461503295823e-01	1.441445499837348543e-01	-2.322243504124268665e-01	1.000000000000001332e+00	-6.175089128527432303e-01	2.763334021363991755e-01	-1.876433546731783031e-01	1.458461959284899911e-01	-2.786282036135389051e-01	2.035260617588977861e-01	-3.042845072273689944e-01
-8.378698911252580039e-02	7.680426249952883311e-02	-1.304952726459965018e-01	1.139244762886243156e-01	-2.397224283679642576e-01	9.556339771174697517e-02	-1.506972072505767535e-01	2.886621533686533070e-01	-4.447894601140844340e-01	2.629128759317871933e-01	-1.127192204734193265e-01	1.476867553131274990e-01	-6.175089128527432303e-01	1.000000000000000666e+00	-4.780352923915583974e-01	1.336316996823636583e-01	-1.085723995804495079e-01	2.295699649249534902e-01	-2.496659497354845880e-01	2.672376314159179422e-01
8.423423554459386065e-02	-7.743855907485122647e-02	1.363412851326746000e-01	-1.217827495858069542e-01	2.876685599313931752e-01	-9.215152739612428312e-02	1.383274917497630263e-01	-2.307265190224659090e-01	2.527489796810404310e-01	-5.279573297014985567e-01	1.098542166640631701e-01	-1.455062672431855220e-01	2.763334021363991755e-01	-4.780352923915583974e-01	1.000000000000000444e+00	-1.457398130784452739e-01	1.126459485451583031e-01	-2.947993998501423629e-01	2.344455399275476304e-01	-5.184621749679770852e-01
-1.664169414815044878e-01	1.355729265366531766e-01	-1.150507537518458134e-01	9.339355024082032775e-02	-1.947003140002927235e-01	2.238772895571815857e-01	-3.412682514906638098e-01	1.550359289572329491e-01	-1.463059465181866248e-01	1.370320372151312138e-01	-4.125878064539379997e-01	3.287053196646674280e-01	-1.876433546731783031e-01	1.336316996823636583e-01	-1.457398130784452739e-01	1.000000000000000666e+00	-6.901440421329990693e-01	1.638211495415629604e-01	-1.218392024633039306e-01	1.506266659794778529e-01
1.048313071076527880e-01	-9.127192977069804869e-02	7.903314582203109506e-02	-6.527585127648297125e-02	1.357421930482006767e-01	-1.578017380609308407e-01	2.216174238000352403e-01	-1.167110196134454603e-01	1.062581647905619375e-01	-1.026608493634437735e-01	2.336598864839181389e-01	-6.078572897213645465e-01	1.458461959284899911e-01	-1.085723995804495079e-01	1.126459485451583031e-01	-6.901440421329990693e-01	1.000000000000001332e+00	-1.840467546954862033e-01	1.146309685778685999e-01	-1.299232528310373114e-01
-9.531074954275553512e-02	8.270647979465858834e-02	-1.495711669301279523e-01	1.191546377147342517e-01	-3.116052994703876755e-01	9.673232404982652632e-02	-1.500772052636079601e-01	1.694544879267794180e-01	-1.919349759355553908e-01	2.024486069512228259e-01	-1.284986015271712134e-01	1.599671548241183017e-01	-2.786282036135389051e-01	2.295699649249534902e-01	-2.947993998501423629e-01	1.638211495415629604e-01	-1.840467546954862033e-01	1.000000000000001332e+00	-7.503617181050358242e-01	3.109793205738559108e-01
6.491923079246630923e-02	-5.728642075810788659e-02	1.002148968807982099e-01	-8.181288774451539458e-02	2.057154786013138947e-01	-6.867311137013351607e-02	1.048671691179040577e-01	-1.337724976006177124e-01	1.497833613020819465e-01	-1.606765958469064115e-01	8.860044911459609429e-02	-1.176702597536611328e-01	2.035260617588977861e-01	-2.496659497354845880e-01	2.344455399275476304e-01	-1.218392024633039306e-01	1.146309685778685999e-01	-7.503617181050358242e-01	1.000000000000001110e+00	-5.249445190073218637e-01
-1.080938623840870805e-01	9.420284060199021758e-02	-1.870314844074874583e-01	1.488956609565721678e-01	-4.023552243149748353e-01	1.029784167849964738e-01	-1.606213599631816091e-01	1.967062459868206548e-01	-2.267050483154473273e-01	2.715164031558641722e-01	-1.322670838735959531e-01	1.515454098201818867e-01	-3.042845072273689944e-01	2.672376314159179422e-01	-5.184621749679770852e-01	1.506266659794778529e-01	-1.299232528310373114e-01	3.109793205738559108e-01	-5.249445190073218637e-01	1.000000000000001110e+00
