3.775977102929017004e+00
2.883411409952870486e+00
3.018496713233932205e+00
3.310486474516757927e+00
3.473947017049920039e+00
3.124281297932108625e+00
2.572769971438774839e+00
3.991652771453571891e+00
3.174605197114694910e+00
3.785404534558484801e+00
2.422176566361633920e+00
2.240305168022384663e+00
2.057497336527337684e+00
2.138629462325813080e+00
3.903284879978742072e+00
3.720320585276572611e+00
2.906841803352147036e+00
3.645736201253513720e+00
3.001025548331547999e+00
3.751180581337424602e+00
3.677412811085389421e+00
2.208272836008076556e+00
2.564197989113910836e+00
3.590069343450212447e+00
3.823629451641566313e+00
3.550894373188001385e+00
2.428456843172956070e+00
3.783046734577497627e+00
2.732062150150472046e+00
3.012307845803769979e+00
2.344996194778101728e+00
