-7.153492096975391235e-01
7.536729702752804627e-01
1.107673468894317281e+00
4.300859340556844046e-01
-7.201748316936207317e-01
-9.704520482470631038e-01
4.790543746473820974e-01
1.249486544866910798e+00
1.222298112731328601e+00
7.127541200997367099e-01
9.863897644726842273e-01
7.187476418955753843e-01
-1.126983990897136856e+00
1.821051082040471059e+00
7.578219515121755734e-01
1.004074473700384829e+00
1.812744705237731679e+00
1.188215804906603168e+00
-1.157323862630352806e+00
5.791649693142568722e-01
-1.773468672227088483e+00
-7.523311401398160569e-01
-3.332698628966133114e-01
-2.985566290963745928e-01
-1.842749733858900285e+00
1.454218129336291909e+00
3.528921684240975409e-01
1.430773689005746974e+00
-5.665272820079785276e-01
-7.759577478634964720e-01
-1.943195046324659891e+00
