1.096193675525606537e+00
1.090652511153402671e+00
1.280271979461025111e+00
8.567205096207288761e-01
1.778693708305520538e+00
3.950078505966811093e+00
6.199466480063220430e-01
3.503744045756404191e+00
2.483248278386662733e+00
2.343831107199594754e+00
2.566425202849450748e+00
3.580887116904974299e+00
4.284437950377659732e-01
4.505950177328328365e-01
3.800591183507415316e+00
2.080535318371333986e+00
2.122958594382591713e+00
1.885016425779020288e+00
2.157495805879846351e+00
7.988741179607039555e-02
2.344536325008818700e+00
3.763205516040334153e+00
1.449370551082961533e+00
3.259591048513137856e+00
2.309230676551924155e+00
1.819349315239403353e+00
2.302554818818191684e+00
7.415557831632462182e-01
3.757267404347464534e+00
1.156952025524801364e+00
2.389061290006942784e+00
