5.881684085244232030e-01
1.682500334368549844e+00
7.794128488678166988e-01
8.034058573052420549e-01
1.103978845242641338e+00
1.863377737116609811e+00
5.799648715518568309e-02
1.504199241052370795e+00
1.674104831455894615e+00
1.778914575944261944e+00
5.727289543584204168e-01
4.123150479498289833e-01
1.229219046118152470e+00
7.609561305923597807e-01
9.558612772321946061e-01
9.358752297754411309e-01
1.941328182633188959e+00
6.978499799045012608e-01
1.065566480111780567e+00
2.888041197440882613e-01
3.243833722853914914e-01
1.667820833659536817e-01
2.650833829381507023e-01
1.214977576270999560e+00
6.467202143688970395e-01
1.429208901127391407e+00
1.096738061803714359e+00
1.393038691123940520e+00
6.252155847442075753e-01
7.054950586336810048e-01
3.965400033261534674e-02
