-1.143710618802539880e+00
-2.653957395999473334e-01
-1.805449447297584165e+00
-1.256462874886707937e-01
-1.536696797364887956e+00
-5.478102811942155981e-01
-1.684143997445732843e+00
-1.813846503040190683e-01
-1.889011526544882358e+00
-1.931912602651450150e+00
-1.637942560841465056e+00
-1.542693379452535929e+00
-6.856514868319916189e-01
-1.140856569677973109e+00
-1.352391307310346846e+00
-1.377410723370692036e+00
-1.525761561894587448e+00
-1.052909488391361670e+00
-1.334285160037516516e+00
-1.957951085748811160e+00
-1.105790296961355335e+00
-3.506637354830539621e-01
-5.107481395261537216e-02
-1.041696521671221287e+00
-5.257279238358667506e-01
-6.043847341003663054e-01
-3.214402178263502385e-01
-2.575033929853547399e-01
-4.143747853208732401e-01
-1.898202690089224820e+00
-1.507377361051483788e+00
