1.464970258939824355e+00
3.501204697359785456e-01
3.736668630536259528e-01
-1.599289316616562040e+00
1.502777973341157036e+00
1.489986696259961718e+00
-1.301133521595332354e-02
-1.070065048940953112e+00
1.474065205328012773e+00
1.926326127663791077e+00
7.916611008440153086e-01
2.054502266021422940e-01
-8.181169895684634596e-01
1.496205986594429937e+00
1.530354688758900572e+00
-1.510981611247853351e+00
1.458143587533049512e-01
6.094084034582625264e-01
-6.133080239300738867e-01
4.839030908717445456e-01
3.906867640316535883e-01
-1.065274467388080737e+00
-2.732052885184312885e-01
1.542879998356876392e+00
1.699612290643512935e-01
-5.327271652436120775e-01
-1.755907897641466597e+00
-7.990913639647612143e-02
-1.052060204556397593e+00
-1.716048035932992377e+00
-8.124376409862055226e-01
