5.352373604879669955e-01
3.247743052779490824e+00
3.047672327022072025e+00
1.130158908539435458e+00
7.953366299268402884e-01
3.093109600892800515e-01
7.586841033957831826e-01
3.450709422442426622e+00
1.243714503822108242e+00
2.028187464524842554e+00
1.446478091302859426e+00
1.636621681842991727e+00
3.550483952564959189e+00
3.287966122963751125e+00
3.936968461030018851e+00
2.234679452919274389e+00
2.363665192645004964e+00
2.253400591197464387e+00
3.646172229964474099e+00
3.033992188574062610e+00
1.168682475324370529e+00
9.403398932377271535e-01
2.401693999656587586e+00
2.397282705607922004e+00
2.855629970489683700e+00
1.060189554816233226e+00
1.230290957618844772e+00
1.848847994419058338e+00
3.498218343372158756e+00
2.204026071992073454e+00
2.578854135707254081e+00
