1.462108659745984252e+00
1.982403634549747107e+00
4.889861307174294680e-01
1.941116152130958117e+00
1.695874660353185792e+00
4.936120184569148250e-01
8.720025188170161812e-01
1.957311653882993330e+00
1.102769047566436456e-01
1.433733482272165016e+00
3.472772324253581289e-01
1.253517040440673469e+00
8.269461902879062798e-01
9.283940520176559019e-02
3.456518092798543940e-01
5.116638833431590427e-01
1.851355869870840554e+00
1.145574092383718323e+00
7.353103053141518686e-02
3.785313072592737527e-01
2.972028488874109975e-01
9.234728583512961109e-01
4.747584998250582444e-01
3.692878067383493779e-01
1.008117154334371435e+00
1.509073099048955591e+00
1.857699434791183268e+00
4.319433523627802529e-02
1.157486757367618413e+00
1.466407263924176974e+00
1.965720697929727034e+00
