4.975350143173797868e-01
7.682241567477245958e-01
7.801163752966200349e-02
1.507444009974018506e+00
1.743747929914901462e+00
1.405053958230642053e+00
1.010430259704516498e+00
1.577113535241111641e+00
1.342489373179132084e+00
7.676332146181406024e-01
1.648884041569238068e+00
1.764015565115442108e+00
2.934294591704023070e-01
2.247496862523234995e-03
1.816384013007922071e+00
1.507393561529865700e+00
1.261784080005888153e+00
8.124561575818582959e-01
4.507432374808493236e-01
2.878931276293439367e-01
2.367609332717606208e-01
1.836527520867417884e+00
8.443128478891774868e-01
6.891262204109076528e-01
8.752658235879611226e-01
8.850132530754204474e-01
7.304746226297305078e-01
1.756581793799112834e+00
9.362116925808816603e-01
1.735317982513488122e+00
9.202283301520495229e-01
