1.311392236121174282e+00
1.536848400801376080e+00
2.633089098674745721e-01
2.556994693777423500e-01
8.933805475154144027e-01
1.556928331103084151e+00
1.426217177086359644e+00
7.097599017057447668e-01
1.554089143984245247e+00
2.760069091638008842e-01
5.889858193225978589e-01
1.066463121488769872e-01
4.563675464505667634e-01
3.591315685753793119e-02
5.502317487268202356e-01
1.520965925549083941e+00
1.164194626586042336e+00
1.796291930984406093e+00
1.885614338604307161e+00
1.268582528065161696e+00
1.307907250029813007e+00
4.955412907399217026e-01
1.843093841967928803e-01
1.728975170168394637e+00
1.746918330650117923e-01
1.002690701473528900e+00
1.728731838885114058e+00
1.701500374114464087e-01
8.994445904581014339e-01
7.393455082330158135e-01
2.354233052715049013e-02
