3.921575369020564583e+00
3.259230355636883125e+00
3.327837008442730227e+00
2.481717914271224679e+00
3.205463322983802765e+00
2.370195720329960842e+00
3.787584191453908122e+00
2.074985956511365970e+00
3.420444868234397084e+00
3.856377184541648351e+00
2.712344196018836140e+00
3.741220210344043284e+00
3.211934882945639114e+00
2.741856417731521223e+00
3.359129715718895959e+00
3.289845024259514528e+00
2.726121663481791746e+00
3.905837514976145286e+00
2.335144577286457412e+00
3.356158772926823630e+00
3.409665683539586656e+00
2.938057075671169915e+00
3.302523155249478926e+00
3.379124109093837536e+00
3.018509945156022667e+00
2.384407557497515651e+00
2.608953060226560705e+00
3.773066486726171398e+00
3.628083931821651564e+00
2.427524951869007630e+00
2.587640574181684361e+00
