3.057226276290204048e+00
2.024934451544595060e+00
2.605700172627682054e+00
2.243162944323479291e+00
2.283403470877197083e+00
3.295562688657886152e+00
2.711050476050053337e+00
3.449977630799355044e+00
2.481207662909192369e+00
2.799408249869836496e+00
3.206460175669744839e+00
3.687110234680212706e+00
2.035410158162132888e+00
2.075463597732300158e+00
2.277312439623528917e+00
3.993427553277642872e+00
3.051563345714683351e+00
2.747858808990014445e+00
3.912989920527622179e+00
2.599964063045255624e+00
3.578125639333096686e+00
3.620123343189961762e+00
2.687684278186396103e+00
2.148533986601132373e+00
2.739858441917137899e+00
2.408059780314259157e+00
3.481767288183102327e+00
2.420934881249265924e+00
3.364607767127894000e+00
3.592370460255547293e+00
3.979085629802300961e+00
