8.187589289688239624e-01
1.499640612138186668e+00
8.373477425362851889e-02
1.408947078319446877e+00
1.347128789436988772e+00
5.500366618619789705e-02
1.202967392029886895e+00
1.244896102729415865e-01
1.160394638785458010e+00
1.566937367824729588e+00
1.283596346622309259e+00
8.406044749339658395e-01
1.012930683368489682e+00
1.497486059009092152e-01
8.974332664798287951e-01
1.748091679146404953e+00
4.107461444898499181e-01
2.249260798662562344e-01
1.911120930820447761e+00
1.836862572486413381e+00
1.277791445279073734e+00
1.952070104406594453e+00
9.590016183274521211e-01
1.443204270629909747e+00
9.835944447268341051e-02
1.102145192852515443e+00
1.322382574161276025e+00
1.283497362694689947e-01
1.512985062543466430e+00
1.298348366234635787e+00
6.460474724589535533e-01
5.812325805603513196e-01
6.300228037869346487e-01
1.436441041240521521e-01
3.465997015241226720e-01
1.202577747711479184e+00
6.173953278754278351e-01
1.815218009789092424e+00
1.634919723256126112e+00
1.323117908160593714e+00
