1.326512801110497186e+00
3.497938301728091837e-01
1.438368838374834535e+00
9.002579601647533458e-01
1.148822464200913718e+00
6.535532400417829457e-01
9.059894673436414969e-01
1.311859563163052744e+00
4.855597111968492641e-01
1.916398109246721937e-01
1.799435456548723611e+00
4.346329118658074364e-01
6.222486941804339367e-02
4.002442414201539123e-01
1.788594964227917306e+00
1.410209713439884549e+00
1.742913668603353727e+00
8.452152930785929996e-01
8.034014224576058183e-01
5.081218052642944016e-02
3.961588910834050736e-01
3.644496291569216950e-01
1.255217794029576783e+00
1.770886811251225712e+00
1.586881141064233613e+00
1.935018065792592168e+00
1.041957859033771694e+00
1.885682700181631422e+00
9.167729645971633978e-01
1.682680222652066071e+00
6.624855141112551138e-02
1.217896290468057696e+00
1.225970238312785732e+00
1.595374995889093928e+00
1.186301979204560819e+00
1.608574998285216218e+00
1.775960189757352037e+00
1.549954116395699799e-01
1.117110120336479717e-01
1.202357699927228296e+00
