1.598956602293213347e+00
9.611241960193064315e-01
2.163229324648754393e-01
1.396524715200079925e+00
1.177960630837193712e+00
1.146035543407274204e+00
1.444759782693231021e+00
1.143701993636851100e+00
9.458720609373871824e-02
1.086712439410825848e+00
1.365721800831566579e+00
7.361166718111227247e-01
1.226055966242800110e+00
8.058206215440320008e-01
8.044414335839706887e-01
1.486413933734580972e+00
7.156045893857698736e-01
1.060124152372950768e+00
2.330515121712082305e-01
2.678135227492632886e-01
5.799763421623493898e-01
1.935147843466786810e-01
5.746535330491258087e-01
1.626728376440370827e+00
1.608831554520245177e+00
5.125544756643476418e-01
3.788019578220480632e-01
1.909958349501610808e+00
4.937510782152032540e-01
2.148015606270581301e-01
1.979429326204300121e+00
1.253766615725167455e+00
1.101731423308007329e+00
4.838654515736293682e-01
6.462941713248602227e-01
1.045124616659660166e+00
1.676303020795571808e+00
8.138448794426929034e-01
9.777726960472135076e-01
1.623182838454823251e+00
