3.738465379715583126e-02
5.339496393172065147e-01
2.346885404672423014e-01
6.986002426429900325e-01
9.083426323845205097e-01
1.332933293640525818e-01
1.324220205051028110e+00
5.545419984064370311e-02
1.920942479669697889e+00
1.650910773230411799e+00
3.788619054757407234e-01
3.311759204699491477e-01
1.801571705688788327e+00
1.521157075215928689e+00
1.549803173508269349e+00
3.909247322652049661e-01
5.841320282307593814e-01
3.321702953493055333e-02
5.314149804003109878e-02
1.587807674060402352e+00
4.089243377824809400e-01
7.590832251954902077e-01
6.934327678211174018e-01
1.707017986642051177e+00
1.267207478271657806e+00
4.796129087108962352e-01
1.325573306260963147e+00
7.719163382655271910e-01
5.270670544078792652e-01
4.332722838155489420e-01
3.023999190961559336e-01
1.094447239970512520e+00
1.146927827287873569e+00
8.227440637704752646e-02
1.960440493611410595e+00
7.214351464788504309e-01
1.907525762693770943e+00
9.546372369800542046e-01
1.517534045124977471e+00
1.646533737692982946e+00
