1.612988299157951388e+00
1.248256488042513546e+00
1.335998876200874541e-01
1.734487676537057155e+00
5.168813244442023169e-01
1.642904905732359033e+00
1.933792718982460634e+00
2.907774778570675345e-01
6.357987813970105151e-01
2.938267547906674437e-01
1.707745468651848952e+00
7.572501942187228607e-01
1.806282056541795189e+00
1.816252818533850455e+00
1.394209450693928432e-02
2.171213411195944687e-01
4.325815839280529040e-01
6.161262078251059648e-01
6.870759779741542062e-02
1.975801110495241097e+00
1.514368969858319591e+00
8.464306897742996938e-01
7.856769725592043230e-01
2.471637931325694204e-01
4.218451498549535827e-02
1.756796931990071364e+00
1.600942791001225718e+00
1.947761413678154696e+00
1.472963437756709126e+00
4.250059639062944150e-01
8.106360354783204158e-02
3.604207723350252301e-01
1.411272645683132598e+00
1.859115387759008531e+00
1.124117830421495157e+00
3.844010001943511945e-01
2.267326233590289952e-01
5.425113594568911068e-01
8.349156289294370481e-01
1.802202995258328500e-01
