3.031649119046782026e-01
1.368046354414179433e+00
1.138041263533242642e+00
1.622655039019803791e+00
4.209585560512785207e-02
1.773561260355435376e+00
1.095551749134838992e+00
1.632816890744361871e-01
1.421753958508399140e+00
9.049835204023777280e-01
1.402480384575632844e+00
5.242260993843372852e-01
1.269136165321336662e+00
1.453542878463066845e+00
1.037813574650187753e+00
7.330484939805836930e-02
1.300770271129569444e+00
1.464887245145536365e+00
1.113597189229453832e-02
8.537637164320344141e-02
9.722238563980996062e-01
7.885223816510800177e-01
2.305400624631381845e-01
1.041938885266235015e+00
1.197760387762403678e+00
1.590281772696436224e+00
4.551997750521197261e-02
1.896125328989919367e+00
1.287600661333539342e+00
5.014014125095997976e-01
7.302978866581706363e-01
3.893190453180577215e-01
1.908956861173155328e+00
1.803276477891878837e+00
2.538522713184905299e-01
9.402540699559067683e-01
1.952851148298827777e+00
3.892686843943420349e-01
3.511802438809619176e-01
3.889205052075039859e-01
