6.174636655066016999e-01
1.582718488346851693e+00
1.995094929557337249e+00
1.546647189140613055e+00
1.308178302251742142e+00
1.338723827516021814e+00
1.734380927553862861e+00
1.562557009076587011e+00
1.560820938216173293e+00
1.675899816629413230e+00
2.906648587467590694e-01
1.990392188160226894e+00
7.489495105077961234e-01
1.476082518102424412e+00
2.859396101580022886e-01
1.454388270612682277e+00
1.163533503325819840e+00
9.029954411970768646e-01
7.776267324199555020e-01
1.413083576860855839e+00
1.113883251390094031e+00
4.520999990076983721e-01
1.450631670424200159e+00
8.410515989946065751e-01
1.355235545379883888e+00
7.779558253702725246e-01
1.833445997261959004e+00
1.979623751626436334e+00
3.515032813892879915e-01
2.901289635430361891e-01
1.251647611210921163e+00
1.532358561499522764e+00
1.300412467479349132e+00
1.300657638343518219e+00
1.704757589510989657e+00
2.131843462751259466e-01
4.963219855339437991e-01
1.932851186750732086e+00
1.156917800970836296e+00
1.985136163814048782e+00
