1.339132276582739145e+00
1.372074567128933609e+00
2.755671335592349003e-01
1.625839437818603184e+00
1.914576453354980501e+00
1.103663493460704359e+00
1.044601284349317538e+00
1.877336877146999594e+00
3.043498180106398721e-01
1.935995257794889124e+00
1.778864916570465748e+00
2.476092127481939187e-01
9.779173869995476664e-01
8.359298987715821916e-01
1.256474556332475956e+00
5.294656111667395137e-01
5.912347952442611465e-01
1.450481539894837191e+00
3.704479741661583780e-01
3.830746918794494249e-01
1.044754111041702238e+00
1.500957350662286416e-01
2.068048083955349448e-01
1.103272833275854570e+00
9.996119702555312792e-01
8.241213314119053557e-01
6.023771695867039533e-01
1.194284217873224030e+00
6.246496677835233768e-01
8.532960982601167643e-02
1.087441873347022359e+00
1.746181573215265015e+00
1.028630783207446608e+00
5.467140126381959675e-01
1.548048070683787802e+00
1.327514751106757096e+00
4.571730564969884725e-01
1.313247975721849148e+00
1.012227014331407826e+00
1.841707868329192976e+00
