8.939094354513410501e-01
1.318971560312252045e+00
1.422691846154709783e+00
1.801890205871273132e+00
1.822342400315443367e+00
9.479300770355512107e-01
1.021270859232501493e+00
2.296008093148134144e-01
1.802700462757413469e+00
1.393508646438234244e+00
1.826610061930608708e+00
5.525846415876265461e-01
1.027238383779014441e-01
1.930413761632499003e+00
9.153496728279577610e-01
1.615337506672108070e+00
1.927908359022825202e-01
1.673570348451322243e+00
5.588980303019126517e-01
1.831993119088929589e+00
1.942056699731947500e+00
6.181917461697210570e-01
3.205212234459446918e-01
1.902243930155258056e+00
1.515201114318297737e+00
1.933519019618796353e+00
9.952851696172988483e-01
7.436993084011143118e-01
1.277399693840025829e+00
1.970931974039020762e+00
9.661442426114077442e-01
6.111596250014073028e-01
1.415146642029424306e+00
1.116315038688310946e+00
1.619058800054087310e+00
1.765386664959415874e+00
5.001220877957188726e-01
1.142087062663840857e+00
7.717600597658567096e-01
5.942473922313746826e-01
