7.619830691358564501e-01
3.001388468923034125e-01
1.625364992842425416e+00
9.983836948077815521e-01
9.278177258775595071e-01
4.983581951041791136e-01
8.214134182651453564e-01
1.158734496308491568e+00
4.708650962314790966e-01
3.576775026218115272e-02
7.366853958489243404e-01
1.362198983584446133e-01
4.991673016111963790e-02
9.918904601439137991e-01
9.573373465679431149e-01
1.451640196760584534e+00
4.363285266757888081e-03
5.342064435102864550e-01
7.976442187827852415e-01
1.918740498282062390e+00
1.246173274745951964e-01
1.358874506155754336e+00
2.801857070909186120e-01
9.386988207429203257e-02
1.831181222980893253e+00
1.920071327685612506e+00
1.330370942618971153e+00
1.520020989517814503e+00
1.190161148871665908e+00
1.024701323294206379e+00
6.298037113409429288e-01
7.315175973749439287e-01
1.208507027208565177e+00
5.321719315778938864e-02
1.110263169466754629e+00
1.497066648027941316e+00
7.970926425910307422e-01
1.483969452522482246e+00
1.299130753006633388e+00
1.038567973070568140e+00
