1.780065768143734850e+00
1.886470133591466425e+00
9.232305072520450295e-01
1.245973811037191403e+00
5.032502084091041716e-01
1.995632039409695135e+00
4.573088958917725932e-02
4.120184144257619252e-01
4.041322923436592163e-01
1.313553513614782453e+00
1.740904147525027312e+00
1.410135639573612654e+00
6.582288152715780605e-01
9.964322662538327435e-02
2.338208726516595171e-01
1.006774782731993945e+00
1.076973610869558229e+00
1.323676279111018594e+00
1.517935917672960322e+00
1.478810401141226638e+00
3.464571464742141060e-01
1.212485743439644104e-01
1.916431685696417198e+00
1.531539983305484576e+00
1.514007593998249135e+00
1.437718618623591738e+00
6.968133533463980456e-01
1.998350883247127285e+00
3.869582871642696098e-01
5.384967657926171825e-01
5.062277930642435919e-01
3.170585058798196521e-01
1.919588677494124873e+00
1.465491717995188292e+00
1.792032442515680835e+00
4.486149618598371802e-01
1.148266052376991198e+00
1.788572869499479356e+00
1.750711788584679240e+00
2.360800040752035756e-01
