5.867834303777641480e-01
2.761261913658685785e-01
5.750980912880812035e-01
1.360167723897516723e+00
1.343008908599028217e-01
4.123437785489949547e-01
7.274233167106873843e-01
7.000625264204751730e-01
1.751360218865313456e+00
1.914042489093771060e+00
8.877319244174222135e-01
6.755180830181162221e-01
1.633108085125653197e+00
7.417034437412435288e-01
1.200083350444852481e+00
1.778063710613929427e+00
2.544842604544319542e-01
8.971294249812160615e-01
1.359615909903264974e+00
8.739547458625653853e-01
1.262678622013248209e+00
1.479358537689236641e+00
1.233545921137104262e+00
4.238793674358394270e-01
1.130304881352880653e+00
2.445054086746116795e-01
8.092125704528725372e-01
8.213753063059807680e-01
8.098149299752335217e-01
7.839139750515271565e-01
5.707481705424743978e-02
2.450614396344734658e-01
2.814555249923156310e-01
7.364428487876168994e-01
1.729804563853424959e+00
1.709972851231990720e+00
1.235641605120174180e+00
5.318878972229201807e-01
9.424895451464827545e-01
1.917259652497184330e+00
