4.999458512361933948e-01
9.132556637599487104e-01
1.236377774227638060e+00
1.358520285924697646e+00
1.606497181892423409e+00
6.981213117138778124e-01
1.085620701798864385e+00
1.771522221148342346e+00
8.857776606335043823e-01
1.735770162916824066e+00
1.562546721615647449e-01
1.185196425355309557e+00
1.014043772605691895e+00
1.585688268906089604e+00
1.436427465281146176e+00
1.327284230683627886e+00
9.532761234089313085e-01
1.279672232204731142e+00
1.108704980581015853e+00
1.701770206308694355e+00
9.229206935087650443e-01
1.348018602794179177e+00
8.473143013282782299e-01
1.756394173260221958e+00
8.507524255018825698e-01
1.295667309317358740e+00
4.181788241162265329e-01
5.121278831597799730e-01
3.590304186705473022e-01
1.016440830507121529e+00
6.378769676034306002e-01
1.141739761129940689e+00
1.931247685685537174e+00
1.683712149944775138e+00
1.199615076040380313e+00
1.803172969655481683e+00
1.780659091998507471e+00
4.564033015624802125e-01
5.663056983005114731e-01
1.646580762805574416e+00
