1.783831537678764789e+00
5.529052937387075595e-01
7.761453548894023946e-01
1.397366146748147298e+00
1.554760897711060519e+00
9.715238695530818980e-01
1.088089353050047059e+00
3.519145041779530025e-01
1.894279677844651122e+00
4.605196188065501239e-01
1.087926824077521282e+00
6.484038292342457765e-01
1.244756057361545487e+00
6.946942769589385946e-01
4.707467540764138647e-01
4.096473063564971540e-01
7.321241235991844398e-01
1.044036585987963228e+00
1.708941035250534313e+00
6.189827096048650112e-01
1.611436334875754106e+00
1.181459222580599988e+00
1.498573151577088147e+00
2.231945648920228287e-01
1.572932102190501169e+00
1.001316118177742798e+00
1.503860740849880528e-01
1.189973044976464500e+00
6.553100746361373297e-01
1.251403823954047034e+00
1.849073127877186806e+00
5.805210280990946714e-01
8.077516588986153323e-01
1.748647754105988383e+00
1.543305913010969199e+00
9.553767742815417741e-01
9.747115405768327356e-01
1.038316993346239059e+00
7.047802240107903238e-01
1.911131073467005503e+00
