1.606068131091095808e+00
1.336716324575208059e+00
1.042055928090606987e+00
4.436204097215550313e-01
3.188301217479385663e-01
2.932958171521788948e-01
9.860024990770810405e-02
3.306155888123116782e-01
1.625844065614029610e+00
1.856386090280329970e+00
4.068623593605109612e-01
7.857091308645589578e-01
3.268221474173134133e-01
1.149943290129918694e+00
6.705009804213246660e-01
1.737196937761258386e+00
1.131261141727154751e+00
1.789317805072733414e+00
1.512199667263041114e+00
1.151927342412585098e+00
1.929282634181926248e+00
6.036477306690497535e-01
7.554293087947954177e-01
7.551077700961510430e-01
1.110466173256394296e+00
1.521935928048796516e+00
6.672719195545901982e-01
1.430664454355441872e+00
5.137125457773006332e-03
1.294948352701791094e+00
1.106775557828667100e+00
7.349559690513562948e-01
1.428576922541874072e+00
1.837985539315732275e+00
9.259758996044986645e-01
3.981079939452607519e-01
1.679407879104384271e+00
8.877992909542022915e-01
1.678296639138391111e+00
1.365965492660631941e+00
