1.960729604674353865e-01
1.727609528284519858e+00
1.657977411249511146e+00
1.344253453530019904e+00
3.934488632089809812e-01
4.438693467499654766e-01
7.395481092583655602e-01
2.070761893449231117e-01
4.520332512580993445e-01
7.376013132296090902e-01
1.640838703246130237e+00
1.092898049547228467e+00
7.631479956016278265e-01
6.377344455188627137e-01
1.639636850610032059e+00
1.632327707125996952e+00
6.828905500117605776e-01
8.109688884802412900e-02
1.587472494395960609e-01
1.007437577686755237e+00
5.898416236922572331e-01
1.746092168030950909e+00
1.463225384580679744e-02
5.599569344257395720e-01
3.017323923167469779e-01
2.612493939133839760e-01
7.409204689766357710e-01
7.623208746383713930e-02
1.521947921289884764e+00
7.195684970548943404e-01
9.547195074917147473e-01
6.379342113115802348e-01
6.455796148066554885e-01
1.103949721865618461e+00
1.571038805908848257e+00
1.138207591888410253e+00
4.775114546730327980e-01
1.555561680299284433e+00
1.886055182849777800e+00
9.409817177229329310e-01
