4.166589745137860845e-02
3.154684275549515249e-01
8.610206947079110940e-01
1.967577584814788505e+00
6.150122793748238337e-01
1.059155749276905478e+00
1.106152844797388735e+00
1.692077867849194561e+00
1.422694378928107906e+00
1.307305957128417351e+00
1.725204381422644317e+00
3.116822203016487158e-01
1.546996201391999115e-01
1.282529263492894422e+00
6.891693856124003759e-02
1.805410283015033368e+00
7.954093919985671945e-01
3.757754001522712883e-01
1.932476831502126569e+00
4.562298508120976592e-02
1.947365832674846864e+00
2.322977981183340646e-01
3.884574657303820899e-01
1.379532488967947224e+00
6.596061250290965461e-01
7.621346848934091867e-01
1.174103520231146724e-01
1.187880505150658461e+00
6.121541808035022569e-01
9.382584385232917157e-02
4.106464033838883587e-01
1.384934128562904210e+00
1.931225682480206540e+00
1.368209787851499826e+00
1.589256098954332508e+00
5.366063560521818765e-01
1.049972444061494148e+00
6.141787427746696615e-01
7.822472519134744395e-01
1.863239979807545854e+00
