1.617003788550587906e+00
1.202728425336840878e-01
3.755114402142081254e-01
1.733471104205316582e+00
6.412040807338836856e-01
1.488648436928097230e+00
1.787082741882538794e+00
3.436500633912986657e-01
1.007204704738294154e+00
1.688955578785370282e+00
8.077647672736145701e-01
1.424148400742572207e+00
1.982789772646618598e+00
8.992198985804114031e-01
9.020269556615945206e-01
1.005484389628418018e+00
3.527249296007681778e-01
4.465416187079180865e-01
1.195254768212342444e+00
7.512280694049553453e-01
6.137911146032211107e-01
1.376421343402647768e+00
6.353651816777814432e-01
1.533340566933041327e+00
4.047530058029340516e-01
1.904434603082516553e-01
7.041639273424094014e-01
1.983994732823095575e+00
8.539602531159262711e-01
1.064248395418499804e+00
1.417047165077320425e+00
8.088189310050073466e-01
1.732015097978539586e+00
1.044293800159661334e+00
1.897806600449539971e+00
2.284738093449396601e-01
5.781396984631177460e-01
1.910229484556084767e+00
1.395491087853283574e+00
7.887539484478343077e-01
