9.185053164664003233e-02
1.601745663929983632e+00
3.145617758719927437e-01
5.029509069872939442e-01
3.708670616747435922e-01
1.120965726534060902e+00
1.811516077504202737e+00
6.642583082180411047e-01
1.349255548570291730e+00
8.620078829544617349e-01
1.100790804888469587e+00
1.773827166627633289e+00
1.051695711344897699e+00
1.543755549825706286e+00
1.283244526919352424e+00
1.860247391665377670e+00
1.662392577605982247e+00
1.155141004136170046e+00
1.438399776140321773e+00
1.320478867815773949e+00
9.078856314062391242e-01
1.064470907122123666e+00
1.023281686021789483e+00
9.254363448580167351e-01
1.829868831675617535e+00
7.206934434676930401e-01
1.260116181988709005e+00
4.458787743613226162e-01
1.195552626903733984e+00
1.544794673485809344e+00
1.057515157408108308e+00
1.494281731117599321e+00
8.107411634396961553e-01
1.726499818525131236e+00
1.548725828543995320e-01
5.896461175902363294e-01
5.139072746066744024e-01
1.834074526147611905e+00
1.820013269518895527e+00
1.304199070498888613e+00
