7.435410580204928621e-01
1.476291363906180543e+00
1.634838621856365748e+00
1.816375729963980667e+00
3.602859171072072542e-01
5.374056039542729479e-02
1.023222598503754632e+00
1.070403421447469139e+00
2.856431241385943842e-01
1.453653159850253118e+00
1.158560867225547852e+00
1.179101757591799693e+00
9.643514890648097193e-01
1.307490333174403219e+00
3.169860263619601604e-01
6.698747515740404168e-01
2.494471882457522938e-01
1.565993705477460196e+00
1.378410855217045317e+00
5.882335420821473981e-01
1.450028907758961427e+00
4.617366729266509928e-01
4.833016445787792215e-01
1.073648317163867993e+00
1.847125824597235955e+00
1.481293341605730340e+00
1.739420915361345354e+00
1.463635639202044203e+00
3.799393279432092818e-01
4.075027828223340975e-01
1.320830623582493590e+00
1.004211956046032306e+00
1.862682346022703772e+00
1.831991562434791554e+00
9.657093509575394030e-01
1.976842791957755807e-01
1.493389569615565904e+00
2.178166940127921336e-01
8.907782011923930376e-01
1.218055980044820963e-01
