8.441274528250284348e-01
1.234109136685607400e+00
1.004461721479927849e+00
4.734683848842911047e-01
8.880283100077988045e-01
5.129820066750521157e-01
7.400920121018721431e-01
1.491959860057989751e+00
1.076373005704439834e+00
7.741169399294562936e-01
1.141286050032941368e-01
1.289014947330887839e+00
7.899867597697172172e-01
1.574044538069317767e+00
8.207955650810818682e-01
3.340019091114347916e-01
1.646095873235099649e+00
1.207005888318675169e-01
2.531284835877034567e-02
8.145361894359495203e-01
1.602048438189825230e+00
1.496469039309982652e+00
1.185290680599733637e+00
4.820456693152346261e-01
5.305202160036759373e-01
1.905310990430568285e+00
5.576105383088987288e-01
3.628538016800937349e-01
1.489161656177928172e+00
7.532616715172180122e-02
1.854665141483223145e+00
5.689943062236686444e-01
1.710449859466641076e+00
5.227750472638690304e-01
1.391683731112829392e-01
6.156113224985548804e-01
3.968754385962962594e-01
1.770862033881047459e+00
8.035699922272176998e-01
1.224934354979413165e+00
