5.078812464579929298e-01
7.307974350750976456e-01
1.817607021575842641e+00
7.587123237627189098e-01
1.998121953467451917e+00
6.614033406218311484e-01
4.146850404904882659e-01
7.002298583181318925e-01
1.498727540696250582e+00
2.195706873169980256e-01
6.828996994392251274e-01
3.143937918692207845e-01
4.509707743528652557e-01
2.737380810912370954e-01
6.729243810815166427e-02
1.502058156669170863e+00
1.496892922926695846e+00
1.391970050684760540e+00
2.572851953672103953e-01
1.240770913553016719e+00
5.443810352454092616e-01
1.388875404871657615e+00
1.486105193403492120e+00
1.453621967869014320e+00
6.568885717829968662e-01
8.625421459061772822e-01
4.208738671357576955e-01
1.770166383817218581e+00
1.392126245548883645e-01
5.118286964039109321e-01
5.061785358661685663e-02
3.752823032448526774e-02
8.990717106035051032e-02
5.587097000422138748e-01
1.083751560868901898e+00
1.703231636544058514e+00
2.780146292460607960e-01
1.083369395645890521e+00
1.929238773639448734e+00
8.805871886445659769e-01
