1.412178256819072164e+00
1.170521485041373211e+00
7.772537045698175717e-01
5.399657715574486261e-01
1.890691272661303213e+00
1.928689140058922558e+00
1.713928470305265517e+00
1.216931539379769500e+00
1.024488664929580573e+00
3.983060169233132441e-02
3.208762895770234103e-01
1.107571767642822724e+00
1.685858062379121503e+00
4.996483391882935443e-01
1.906799587599380175e+00
1.659396477643105161e+00
5.940979231644814007e-01
1.260810564070032225e+00
7.752060461002141523e-02
1.344282300029284727e+00
1.583663053477462945e+00
1.265837922803710214e+00
1.345280180417149030e+00
1.106072512178037925e+00
7.979251752421312460e-02
2.187033102824917918e-01
6.969117546774170613e-01
7.316607521080098486e-01
1.925117246108120295e+00
1.542159778079728039e+00
1.387623176654404489e-01
3.529867131084474252e-02
9.162786205332578149e-01
3.196983712324565907e-01
1.786082629475427286e+00
9.215076294413817592e-01
2.608758351132434150e-01
1.656758002639681759e+00
1.991783197259597848e-01
4.854444712380794336e-01
