1.846457676832318651e+00
1.558448870919821871e-01
1.329533844852666569e+00
9.386400687532203690e-02
9.687508927456338625e-01
7.100922856274958228e-01
3.048496503352184916e-01
1.701802780006309579e+00
1.088273078094954549e+00
6.293758803164593019e-01
5.068267495139622270e-01
4.491005134460741566e-01
1.336673594042388835e+00
1.596355377974665313e+00
1.828103748254199523e+00
1.099520208855091052e+00
1.227862431973818502e-01
1.507563885088152311e+00
1.217096108936722043e+00
1.543988941841582641e+00
2.507305297051396487e-01
1.798104799550621191e+00
1.302623599401928178e+00
1.849487638153523239e+00
2.717591477873417816e-01
1.995611626753878376e+00
1.010086832702994375e+00
6.825669652347796656e-01
9.712785491267519333e-01
1.925286490513324456e+00
6.268441201655545747e-01
1.311673333389582474e+00
9.973375925860414881e-01
1.734821289594776772e+00
1.662023922625062156e-01
8.820051607564498575e-01
1.245998314219801006e+00
5.634835051733895206e-01
1.589739730631305026e+00
1.520403434894711747e+00
