9.723258839034052414e-01
5.185897272146946513e-01
1.571843359905549242e+00
4.140719521429447880e-01
1.174137596619597268e+00
7.553946766907504440e-02
9.036185911814964555e-02
3.215313790557607909e-01
1.442213623645623777e+00
1.691993528526109181e+00
7.201227251110076111e-01
7.467824694571332245e-01
7.388290823519660933e-03
1.023503226344595785e+00
1.066524695116848331e+00
4.743334058333519287e-01
4.010295130476042580e-01
1.534025818081733217e+00
1.955095006012855574e+00
1.932780589165201679e+00
1.719132322592617612e+00
1.023088763522830735e+00
1.859553604956965867e+00
1.839745821706435969e+00
1.244972249362843009e+00
1.440898461665268027e+00
1.044462096934744011e+00
7.751101491347647254e-01
1.924051951560400209e+00
4.794305477639140278e-01
1.501540366352231537e+00
1.961513273227767584e+00
1.882280481318471921e+00
1.902322059122107056e+00
7.548447313633683819e-01
1.528810292098460977e+00
1.906482852864157529e+00
3.459169454889359230e-01
9.399643433952094007e-01
4.569260946479962726e-01
