1.335351734738666529e+00
1.029428410287034357e+00
1.664442073809399680e+00
1.162176505812356098e+00
1.957985044426481025e+00
9.071357222798259734e-01
5.848232985936800965e-01
1.419587100433997939e+00
1.229910129730901858e+00
1.461059870374317171e-01
1.290400222529545893e+00
1.742041525223365639e+00
6.084234217627937369e-02
3.701875841079509399e-01
1.038988837404227095e+00
1.983035462716822295e-01
7.869217988681058706e-01
1.187438363986251577e+00
1.284529058845369498e-01
7.927164334825365088e-01
1.087321281973594900e+00
1.352363117601471210e+00
1.014417482109542412e+00
1.697725202532019306e+00
1.059095903431928498e+00
1.447029690482538378e+00
1.826185039571334823e+00
1.920592069496901200e+00
1.840853966264255348e-02
1.105986538694732957e+00
1.271551930278655540e+00
1.805654340693413573e+00
8.442842225190814176e-01
1.631138067729703156e+00
1.088964390542214833e+00
1.415919147871107064e+00
6.194458566783329623e-01
1.351535404956465847e+00
1.200434712723918107e+00
3.435366625150395592e-01
