4.046829226663768431e-01
1.783225005397516938e+00
1.184657674794168614e+00
5.302303804501562468e-02
1.986170219385766877e+00
1.037481250876143068e+00
7.791735394553147565e-01
1.933349701455888692e-01
1.166614210062573598e+00
5.475522403621222445e-01
7.434892505627246351e-01
1.150257416953350820e-01
1.295713059554869151e+00
1.928505843131768760e+00
1.278808247248240715e+00
8.283143157960095593e-01
1.739341102851773790e+00
1.909511765802398564e+00
7.629488030574638202e-02
1.974862904686735643e+00
1.630746980756242248e+00
1.748913398809488040e+00
3.933947092232585874e-01
1.848164991783262767e+00
4.457452573970206444e-01
1.807069031064639564e+00
1.877934837619668507e+00
1.492791700319252790e+00
8.228696605007663756e-01
6.764293400107757037e-01
1.578742819843941270e+00
4.735084480756324155e-01
1.898591231062068729e+00
2.071254294430859844e-01
5.928926814753339158e-01
9.973865147041993673e-01
1.245494683338451036e+00
1.144656188556312681e+00
1.945589434547613905e+00
2.089963898257733987e-01
