8.086392782706428584e-01
4.123902733519719810e-01
1.256139137599860955e+00
1.303611237169053361e+00
2.245670721066548303e-01
5.165281559408265721e-01
1.626945441876251230e+00
7.508828052402063413e-01
8.316064209782676464e-01
1.882397512214589064e+00
7.278467328481452725e-01
1.899780425466468969e+00
1.857739293520895174e+00
1.398792121700398905e+00
1.773442380013608322e+00
1.238750257658681075e+00
1.624772803650170960e+00
1.955025978363391648e+00
1.654634634025784479e-01
9.215871832537061437e-01
1.975627141471919757e+00
1.746850291321477844e+00
1.667992979414308241e+00
3.015338549523667311e-01
5.410133232464375830e-01
7.359487300704348200e-03
9.927713911467179742e-01
4.684248819698209054e-01
1.922970246929889271e+00
2.610383883668854210e-01
1.808293148323825150e-02
1.053960732318515170e-02
1.769998757391371580e+00
5.110678584419732218e-01
1.736003456414995316e+00
1.897049976721092879e+00
1.621406776351358658e+00
1.619913499694744186e+00
3.002095312854220488e-01
1.400139380451640214e+00
