1.335123341174924150e+00
1.630743030815167138e+00
1.546435121676579261e+00
1.631803343010258533e+00
5.631205347365590974e-01
2.471890322351284475e-01
1.398045441871301531e+00
3.679055729838482947e-01
1.745851442835297807e+00
1.994877731764934214e+00
1.454983243880917154e+00
1.127891034110374502e+00
1.761167350763142014e+00
1.360181662338828978e+00
5.981473284907901089e-02
1.291355609249332570e+00
1.351586788474369083e+00
1.113701119959692676e+00
1.290865857721858578e+00
4.322072196507398267e-01
2.756009134735508681e-01
1.907827812417175917e+00
1.652505809004168214e+00
8.778472416215445939e-01
1.182007974351040325e-01
6.379509035954988860e-02
1.139283767115756518e+00
8.747045030210198746e-01
1.572938074212275161e+00
9.460776675374109601e-01
1.927302332111782590e+00
1.520600917946663522e+00
5.066784277214178012e-01
1.333988700542116046e+00
9.900998712567408155e-01
9.469732140575106705e-01
5.242963048913340529e-02
9.600742786511284876e-02
4.948179670292947030e-01
1.260144272776251295e+00
