8.228537051455528939e-01
9.223771253895938216e-01
1.508566616715751429e+00
1.754616336965911128e+00
1.488674550043872280e+00
4.072728412896013950e-01
1.231938491410191183e+00
1.520201535946697824e+00
1.005353421874349618e+00
1.012776598247413506e+00
8.678053131821661381e-01
1.575113714461473080e+00
1.233939302656588577e+00
1.316277855341230207e-01
2.414987406240376444e-02
1.902321052149828606e+00
3.771922347602099101e-01
1.428307147329425320e+00
9.240877101549807016e-01
1.543034856743310534e-01
1.669116132776752970e+00
8.262163115844836092e-01
1.961671316480743332e+00
1.999282062449204034e+00
5.109885451789848432e-01
1.420973407667793786e-01
9.229633351118229356e-01
1.911418586819706444e+00
4.851664628220708764e-02
1.656074820561596717e+00
9.744116543985721357e-01
7.755196195009022020e-01
3.777604775720138086e-01
1.066646656456511799e+00
1.140222851986323782e+00
9.304945369979567005e-02
1.612679886676123608e+00
4.763525972686832866e-01
8.909110779022655358e-01
7.499924664209345337e-01
