6.977072931471908213e-01
1.674730263416610576e-01
1.703544815148460678e+00
1.893479700408542854e+00
1.086664985225199054e+00
1.899238736220633772e+00
9.850687258891421827e-01
1.627637264044211829e+00
9.147920392860133809e-01
2.094721200215845514e-01
1.991374369152369095e+00
9.351212319908741577e-01
1.782105111152075594e+00
1.337822969386678107e+00
1.599383603002992871e+00
1.009817590839622081e+00
6.792177382587216705e-01
4.118791243773323174e-02
3.127452914344006629e-01
1.103913773920671915e+00
1.408519798028961656e+00
1.094621734486088016e+00
1.515172875985333789e+00
1.326837373625696870e+00
1.563870285886908462e+00
1.643346257597955606e+00
1.231712097670178085e+00
1.097582842478287635e+00
2.723467686713174629e-01
1.181484123530536223e+00
1.535706595872572855e+00
1.276714428420329561e+00
1.360160224941925566e+00
9.159809671142711274e-01
7.012538886781385372e-01
1.079584154242326122e+00
6.807884314793848368e-01
5.793168951058693672e-01
8.368940528028114834e-01
2.353355488297252940e-01
