1.001899750311086024e-01
1.219136980016366500e-01
7.618426704502510027e-01
7.236382163470400641e-02
1.657115036028493193e+00
9.763565539912888447e-01
1.845929091869750849e+00
5.246996940359647255e-01
9.052601605478591829e-01
1.540551852320531712e+00
1.259672832718108371e+00
8.290479457155548459e-01
1.308556895697637668e+00
7.172032636887606394e-01
9.318708092866985204e-01
7.711880040465288744e-01
4.223981644091834298e-02
1.517684538055643628e-01
1.954073175012623231e+00
1.907014528725304192e+00
7.456621942383612200e-01
9.962249666733877795e-01
6.025412037841650914e-01
4.577270909208674965e-01
1.805703874583813207e+00
1.152748608949987208e-01
9.162819738230307820e-01
1.935861743961356574e+00
1.669021624000779358e+00
3.797049332945352518e-01
6.861499814842271228e-01
9.678572245833994003e-02
3.304147675059541100e-01
1.077583270149582884e+00
1.788092547358911766e+00
6.431820068928675305e-01
1.435879283661014583e+00
1.439097534654018684e+00
6.855020834915537264e-02
1.380571790267650201e+00
