7.997274186902978421e-01
1.982906910760762198e+00
1.374453872680445166e+00
1.704418766169975008e-01
1.708415909302895219e+00
1.280314166911104223e+00
1.551520159081843264e+00
1.609407619376949761e+00
3.960671652839926615e-01
1.661138026302488413e+00
4.559524711141040854e-01
4.737505486043076530e-01
7.927499733139691251e-01
3.126902393001547154e-01
1.475885556432370294e+00
1.243954484908020852e+00
1.835131778748372966e+00
1.691286208121708157e+00
1.839052523808616613e+00
8.975189923422184357e-01
5.214683971291056430e-01
6.495344870193560105e-01
9.828839275198566483e-01
1.980008352444345920e+00
8.850385351612759521e-01
1.966482144151983746e+00
1.204015618472569660e+00
9.123325950605436496e-01
1.483214777312515942e-01
1.540891283891494101e+00
4.196103149043297620e-01
1.653712523136382284e+00
1.321620869431665124e+00
2.072369331034371598e-01
1.191676146217122145e+00
1.278645108577268541e+00
1.979935196853191748e+00
1.740595172617530828e+00
1.451753528363817214e+00
4.844366652902238890e-01
