1.200558698149435610e+00
4.240888203055614980e-01
1.665789653428808581e+00
1.190510024928847166e+00
1.648025916824693571e+00
8.116638546761252293e-01
9.103150526481069704e-01
1.950581834406531545e+00
1.916204213064854667e+00
2.508594105484673875e-01
9.717867755972600108e-01
1.912289335552524339e+00
1.552832483003637964e+00
9.305708881110579256e-01
1.912955382605918242e+00
1.753003593307266073e+00
1.139732667664504984e+00
4.249065403661989038e-01
5.185277899935414325e-01
5.601182409388862915e-01
5.698856360732991178e-01
1.881802795835013420e+00
1.282067907952586960e+00
1.324708491128312460e-02
3.631543514847463960e-01
2.139617977375740665e-02
1.653823639837028292e+00
6.420233065484288737e-01
1.912864950334852043e+00
1.562089219593390421e+00
2.630028551036613926e-01
6.562035131458250348e-01
8.012773671145820842e-01
6.011697800326847307e-01
5.693209879277829621e-01
1.524745279839838652e+00
1.498705099514379135e-01
1.410080823325179367e+00
1.059813713334702978e+00
7.732054434065660509e-01
