2.045233984591940946e-01
1.112151059068751557e+00
3.000110421818482642e-01
5.236263447554545536e-01
1.252173185672513789e-01
1.443814043604067621e+00
9.389652219243380671e-01
1.652936687415440975e+00
6.532921151203021637e-01
5.149275083987205903e-01
1.240618029016564705e+00
3.905853001555565918e-01
1.400005932726159585e+00
1.172899409059583675e+00
8.581725011665146674e-01
1.359715757099371647e+00
1.804685603466792632e+00
9.777264676556902678e-01
2.087188228033478588e-01
6.524201560514626408e-01
1.107525726789017284e+00
1.687731871188491439e+00
4.469422662041466765e-01
7.735152056316461078e-01
9.122398954608317290e-01
1.873822118940813741e+00
1.558986362491688649e+00
1.437557360983918731e+00
6.211899459050891359e-01
1.750778471790419122e+00
1.587460845976139456e+00
3.077570892757082177e-01
1.389390595301453590e+00
2.217234679917372553e-01
1.451366291736378322e+00
1.482197849895161568e-02
1.010250434014188681e+00
6.493313823889064196e-01
1.143172162657429158e+00
8.773197694590701978e-01
