1.964704522083517979e-01
1.992082098861565509e+00
1.826251599889858745e+00
1.983013067252239470e+00
8.993726429432671310e-01
1.417045735667659123e-01
3.676352094274561999e-01
1.757665160675279559e+00
8.755377943416999820e-01
1.400883297692390617e+00
1.959049095942401841e+00
5.296275129822745065e-01
2.755938587029311826e-01
3.085502370792818638e-01
1.855726114114531811e+00
6.512117687261698151e-01
9.827283423019572695e-02
1.639143436569266310e+00
1.985271503777906066e+00
6.060687786316933945e-01
4.651551788881591598e-01
1.441277334190309123e+00
1.277616454286470304e+00
1.466611610475291538e+00
8.526923651071678378e-01
6.851175296470315423e-01
1.561371041573922369e-01
1.336416150131602532e+00
8.696024117763636596e-01
8.006827117036392494e-01
1.182569890631850473e+00
6.490994257190765282e-01
1.147364211174615622e+00
1.613593603411309196e+00
1.769399994447970137e+00
1.476170844457387332e-01
2.372749207631543733e-01
1.950224954312032466e+00
8.322883482990883763e-01
1.259440443965480494e+00
