1.614283914087310645e+00
2.687947329616480197e-01
9.418549811601053534e-01
8.157213044339264307e-01
2.521913721101500805e-01
7.371704294406562497e-01
9.898382031651262736e-01
1.784772546435864360e+00
1.417757855082561580e+00
1.791418353788678530e+00
8.018082489104112476e-01
1.969971594245727875e+00
1.417549047186392297e+00
1.542601760832273960e+00
5.697830106856325294e-01
1.135104616347628603e+00
1.678963707027678609e-01
3.608199139790944088e-01
1.168059358591860608e+00
1.871386700004109560e+00
5.907996846602285856e-01
9.499632152777359728e-01
2.402011021105248112e-01
1.425736650914828374e-01
1.918327064280076044e+00
9.029566059240989873e-02
1.766153298941984584e+00
1.162389613587908599e-01
1.363698545487444846e+00
1.129887252900807049e+00
2.291672962947624015e-01
4.857839240408532433e-01
1.596236078314861473e+00
1.688421335898792730e+00
4.314890079208431040e-01
1.697268922089916199e+00
1.309933196921629239e+00
7.523509660577176739e-01
2.833406089481447232e-01
1.342386630412803594e+00
