3.003691199704596748e-01
5.287130188679065590e-01
1.206755671028440613e+00
5.251425981939172871e-01
1.770327081956537540e+00
1.646500157127340547e+00
2.306357959383769085e-01
8.509447395954996551e-01
1.681157637955506434e+00
9.018319362862041721e-01
9.357390404124434902e-01
3.507095262904238453e-01
4.961612308853124986e-01
2.662792375382543320e-01
1.383080602333426334e-01
1.916864333713844903e+00
5.142815246256153827e-01
3.198947672792096242e-02
8.376669984837890048e-01
3.433814843890754531e-01
1.074377782987224084e+00
7.339851472669778332e-02
1.231881195408354390e+00
4.415596523020175468e-01
1.396954944972370605e+00
1.793987714778980891e+00
1.297165746704876277e+00
1.409840565966952397e+00
1.159028067459487943e+00
1.671367425828704345e+00
1.592448381073733987e+00
3.468868690809920885e-01
9.868541695690185023e-01
6.682546807911156073e-01
3.820380395524791695e-01
2.366164255175782216e-01
1.506979135207120901e+00
1.854365868170893883e+00
6.927377862087622518e-01
9.780234097726547837e-01
