3.562488172271294218e-02
1.466650630217912088e+00
1.668591726414082821e+00
1.590704892867064846e+00
4.244903207570622783e-01
1.699501426904765911e+00
3.462971147656657145e-01
6.106548316570403756e-01
1.236406448446314421e+00
1.598385902446053830e+00
1.819912014036138004e+00
1.936102897269706524e+00
7.654342387259354119e-01
1.682071857847470930e+00
6.776448755652948464e-01
1.150184740573573894e+00
1.363110035442100187e+00
7.399156766549661590e-01
8.578275273335460582e-01
1.838322250405334923e+00
1.313242411644360619e+00
1.127308632892818796e+00
1.067616352314268990e+00
5.244358395872201761e-01
4.019164722626644703e-02
6.218474518660719319e-01
1.838903192634224304e+00
1.973445412867558257e+00
1.022189926212021760e+00
8.621955765038182840e-01
1.543075142834196001e-01
1.802552482189244909e+00
1.551778854149198139e+00
1.974720076552185954e+00
1.191444923503639508e-01
2.556148820588926007e-01
1.819545593167575248e+00
1.259819850153487408e-02
1.732511501156454692e+00
4.297323399873143046e-02
4.202895368695243050e-01
6.148068460530691226e-01
2.843205704011682045e-01
1.795983886826634013e+00
9.568125248011560835e-01
5.095777427522323322e-01
1.240928493455961235e+00
6.448627216702234044e-01
7.826411773467079058e-02
1.913089042857317068e+00
1.390192625308857011e-01
1.962175364909837683e+00
1.874186371608804524e+00
4.916633954862028588e-01
2.867530204319357345e-01
1.131322660806015623e+00
6.250845933669060273e-01
1.703757327396953514e+00
8.810291251570379067e-01
1.035088906007444631e+00
5.467688605884557518e-02
5.122681430183395612e-01
1.858477528078092966e-01
1.210391794987953240e+00
8.749255060747129775e-01
1.193448369146465460e+00
1.280402897030935794e+00
