1.617056386987779426e+00
7.535513001979596837e-01
1.303445622288492256e+00
1.416294069030904268e+00
9.919833605668593179e-02
4.726140624632404474e-01
2.799228213570761348e-01
8.160548627546475586e-01
1.524450651979049720e+00
8.416610353933831057e-01
6.670301677637118232e-01
4.078244820548264649e-01
6.025050003813867683e-01
1.453426042504473603e+00
1.524159672488574202e+00
1.341137116082718350e+00
1.267010149264948815e+00
7.189234210886157328e-01
1.295056584903062635e-01
8.710763234543996703e-01
8.713010670196044138e-01
4.014651022589288409e-01
1.666920848626730400e+00
7.857356414590994653e-01
5.566369811296012493e-01
1.406772746224068893e+00
1.216751785614349934e+00
1.055501239125860469e+00
1.444435990613659015e+00
6.879731636331714029e-01
1.814557218812821393e+00
1.016085738560749796e+00
2.448652391313830279e-01
7.308990728862152508e-02
1.618207258780208768e+00
1.826640670285878620e+00
1.530853468178919208e+00
5.644575841591890075e-01
1.425745028300419825e+00
1.300931102337894441e+00
1.003503478471845511e-02
1.776400169626087600e+00
2.719709852517189219e-01
1.845696484507096446e+00
1.399110730531190949e+00
1.950658805106910698e+00
1.737579216815589689e+00
1.120881239365779436e+00
1.553146614123495084e+00
7.428693592522495059e-01
3.913208837387491812e-01
1.477791167914121573e+00
1.814441050236088593e-01
1.792249009437992147e+00
4.510760485946971876e-01
8.128348366224074084e-01
1.496542916955378999e+00
7.854197408971392846e-01
1.614464921768720806e+00
1.283968715387586723e+00
1.469192344744406409e+00
1.784610278635119229e-01
5.673672866197430054e-01
1.248090092254683370e-02
8.043295516691144620e-01
4.459991886642771242e-01
1.153500362855135020e+00
