1.609871284262760049e+00
1.157594887078053247e+00
1.413954534368361493e+00
5.094824668128978828e-01
8.802458580656367104e-01
2.703540301835087867e-01
1.532951708799216384e+00
1.495641043537181414e+00
1.676278558485615466e+00
1.144893899131304682e+00
1.256648044689555377e+00
1.797787545730483938e+00
8.760197549784516369e-01
1.975187853551818584e-01
1.639823847829659620e+00
1.315696277551201554e-01
1.223384736424295127e+00
4.445787071231070975e-01
3.534045626305326593e-01
1.871305064065369006e+00
5.893954005503836413e-01
1.493396032434814558e+00
6.517110407253432491e-01
1.025222874129358530e+00
1.680992435886685676e-01
9.765574452256631233e-02
1.669416329745574856e+00
1.264501755779819270e+00
6.440490174330992801e-02
9.956793654922408976e-01
6.065275884651422089e-02
7.449802991828078369e-01
1.370816482990918850e+00
1.238346499479359153e-01
8.535237701141649147e-01
1.327808520640072931e+00
1.348892465128197937e+00
7.933371435205618383e-01
1.967904575292515279e+00
1.544542776774337156e+00
1.765084820331514592e+00
1.151559188437627945e+00
1.971946741888475962e+00
1.503643809862840186e+00
1.669209545140490913e+00
2.977607722891222330e-01
1.327709177772993243e-01
8.158069069201334678e-01
5.957410111947281095e-02
1.539796549099445855e+00
1.920125349434002260e+00
1.167975766162518525e+00
1.486468197205126796e+00
1.061680815052143956e+00
3.468168630691987886e-01
1.629604035969585141e-01
1.479066475067112307e-01
5.522998001821575187e-01
2.494234485476094498e-01
8.516912275067656246e-01
6.231925281252328475e-01
7.869402532670863870e-01
1.449523634307867681e-01
3.985750771885232524e-03
1.993003052945780063e+00
6.266803050586995383e-01
9.497410075307310962e-01
