1.897021242098876570e+00
8.101457191747480913e-01
1.957229001312756456e+00
6.987346178848281575e-01
8.703293661938924508e-01
8.331116379273777461e-01
2.634213364667292723e-01
2.715538603533795836e-02
1.189303795485540327e+00
5.745945034756747560e-01
4.896981018569657174e-01
3.233182915213270725e-01
1.920327612463815115e+00
3.881675050247626046e-01
1.115159658309655466e+00
1.801427930483685547e+00
1.849047802007798946e+00
9.458739140886440744e-01
7.350349349877829397e-01
9.826762926091676675e-01
1.609544622122172086e+00
8.379730933741371679e-01
2.054679945127770857e-01
1.952778929640309968e+00
3.240964616142596455e-01
9.278057104115768894e-01
1.363003696700156642e+00
2.154868800016096486e-01
6.891183287928814849e-03
1.574954964939653479e+00
1.380888074353640249e+00
7.857277215970221995e-01
1.800747456440459082e-01
1.978549373639875597e+00
1.495452827498104487e+00
1.094576935457300060e+00
1.865922725897841694e+00
7.596410647892359869e-01
1.366150452242324231e+00
4.228461730302113253e-01
1.654474262261354855e+00
1.647661546530039711e+00
5.628115893855420993e-01
7.811346789017719061e-01
1.315505932378298493e+00
1.337420532412329610e+00
6.896097151913229695e-01
1.025631658946000613e+00
8.392279007628302701e-01
8.391114534598766994e-01
8.694705892927863111e-01
1.596973070759719615e+00
6.306295601019451524e-01
1.705375758957408117e+00
1.790630427615065301e+00
1.433596680775691912e+00
6.320803581947589400e-01
7.785685388381162753e-01
4.434928092719552239e-01
1.534245127658185659e+00
1.532934887356495857e+00
8.993881053635286449e-01
1.314032103383560024e+00
1.496927508523712369e+00
1.781208694885523691e+00
1.967475172384065107e+00
1.205158724920455615e+00
