9.830955090451252154e-01
1.119733576141996423e+00
1.746334061660891557e+00
1.050143914472722262e+00
6.721811273864211067e-01
2.271460437158978607e-03
7.336186938182458483e-01
1.977476280542983744e+00
2.838914962214498239e-01
3.711209609434975576e-01
1.096467646831549736e+00
6.997796419715478500e-01
2.569196151933157424e-01
4.936919179994525564e-02
7.498183469207924112e-01
1.074096260775688982e+00
1.386381680428308893e+00
1.484608175291134646e+00
7.036423696692555296e-01
3.707955075129691913e-01
1.683729279694751835e+00
5.542563629141401549e-01
6.010274897852538878e-01
1.308140938921269480e+00
4.293709267538439178e-01
1.931738951300489227e+00
2.079242524903532896e-01
6.342060643246045792e-01
1.916196713363648385e+00
3.932067518006880924e-01
6.631774551296176767e-02
1.606495076758718721e+00
4.119544045561247536e-01
1.306897722717824450e+00
1.702445047912201748e+00
7.697250163949354018e-02
6.737219636868245765e-01
1.009696244307365820e+00
7.379377925093888457e-01
1.378249611276962661e+00
1.135131472853724510e+00
1.537913735106527291e+00
3.489282084454838895e-01
1.156668182611086504e+00
3.178840983859920755e-02
7.446536032529982307e-01
1.690644840298339613e+00
6.517150391027697331e-01
6.204894418360638042e-01
1.161223853970389630e+00
1.430425262162476674e+00
6.770691721145150055e-01
2.528117148015032178e-01
1.220306762321687000e+00
1.812913737725502017e+00
1.932280916939923543e+00
3.596791632300972985e-01
1.535309006039525137e+00
1.448062442121158977e+00
7.587770603317292029e-01
6.392533433982290347e-01
7.946812914142253881e-01
1.619664202560724409e+00
1.344463326439162998e+00
6.188438266912630326e-01
2.477938128217282987e-01
1.740738861778494240e+00
