1.066668210685352669e+00
6.785537458750141582e-01
1.555045390298748220e+00
1.192536745229214379e+00
7.587641620522722619e-02
5.294005381095212570e-02
1.605207947580342687e+00
6.222094588991882169e-01
6.630567828139595221e-01
8.737962300794830384e-01
1.925953038469629952e+00
9.243503142978251041e-01
1.139201123132652427e+00
1.118592247639862869e+00
1.192140158451947762e+00
1.528229017284596480e+00
1.388529175846680008e+00
1.674930225373719050e+00
6.096347939729649390e-01
5.892112503031121662e-01
4.952175888935470560e-01
1.613978313010691057e+00
1.372744197014257761e+00
1.272833084270444726e+00
1.129162492035358678e+00
1.313849057694689293e+00
5.695613888445412165e-01
4.894735766660662790e-03
7.034420241786505379e-01
1.813155047033092160e+00
1.307350774566687690e+00
4.806058514306355001e-01
2.514859248928558166e-01
1.448167706769571517e+00
7.046420003644051633e-01
1.555694639677858149e-01
1.625391261404596221e-02
1.392925737743469394e+00
5.989835292539429368e-01
1.255937791543908499e+00
6.913528391447845145e-01
1.569441737305764750e+00
2.832417239560198752e-01
1.282820023960939526e+00
1.614707372141745090e+00
1.388064691562118647e-01
1.583884590951454729e+00
7.841255857215623237e-02
5.660965789643239710e-01
1.051407043779134742e+00
1.001808568100867713e+00
7.727727102208810095e-01
7.300636767359947044e-02
7.030972216365904970e-02
1.450747087584772554e+00
1.597554261325274894e+00
5.868159858537351781e-01
1.647784298605852182e+00
1.194613348944526088e+00
6.897231161671686372e-01
6.436645433394647675e-01
5.848542461623105204e-01
1.726469995117296818e+00
1.473481933331908245e+00
1.626315057915883600e-01
1.557326139140390531e+00
1.782856315605858111e+00
