7.754603915620159604e-01
1.373009564978066699e+00
1.003384105091841505e+00
1.607045137351891473e+00
9.382845551546012963e-01
1.514812974122506706e+00
7.074387881206196660e-01
1.736251910295247836e+00
1.027070599808374229e+00
1.160129473511232856e+00
1.881739526871515800e+00
1.419647760738470765e+00
1.564318283070743831e+00
8.793323459857322888e-01
6.947166540314979599e-01
2.843280948813164954e-02
1.108730853452497556e+00
3.337185662567354605e-01
1.681684794732010158e+00
1.008124777753011792e+00
7.598316047204560775e-01
1.388427935614401143e+00
9.628571198115487562e-01
1.736318022678858153e+00
1.323005352511760435e+00
1.959543102916327495e+00
6.396756227709423648e-01
1.846193296490699964e+00
1.380300845488472206e+00
6.974888351511157047e-01
1.029759095627277965e+00
1.853373230966439245e+00
1.809383568010856536e+00
1.090671467382038351e-01
1.973013156749701125e-01
7.369918461517004360e-01
6.860801684282433754e-01
1.620334222905232657e+00
1.034321326461404844e-01
7.222045681584354782e-01
9.977345489647806431e-01
1.077576949313444388e+00
1.399954439483195312e+00
8.321969205466568376e-01
1.684668764929513340e+00
1.221338072554785104e+00
6.481955779263821604e-01
1.260417808587245947e+00
3.732107608901276130e-01
1.811548938715640045e+00
1.151782077287405670e+00
1.347010448353601397e+00
7.662017735466042367e-02
1.458140378720482300e+00
1.409771215475288386e+00
1.341826243064393687e+00
6.272877026050607263e-01
8.592057115635278741e-01
1.101063071796142712e+00
6.956444485717452331e-01
6.249502518831486775e-01
1.915636315919644339e+00
1.174103713697121520e+00
3.182521307149404066e-01
1.358290815571669530e+00
2.009052332058129942e-01
7.633477696928299139e-01
