5.598693936249756753e-01
6.537126558478281169e-01
1.642559777444718705e-01
1.628364839296741362e+00
1.947379341003161901e+00
8.663122640080018755e-01
2.568015277897255366e-01
3.343464510301261683e-01
1.660381436090936802e+00
1.855169146069801656e-01
1.280637702296987701e+00
1.438551773288670788e+00
3.585355586270435602e-01
1.861547839450345521e+00
1.394808263306397400e+00
5.259679014596336799e-01
3.033221572304771740e-01
1.011380847619263168e+00
5.131275439797460258e-01
9.934642580349719587e-01
1.038892925312604021e+00
2.198130969182656713e-01
3.320006236793910936e-01
1.399488707910000240e+00
1.319812464844367206e+00
1.109952314195073786e+00
7.790634681578807452e-01
1.012579820467495395e+00
8.753355141066094802e-01
1.150298034216056475e+00
1.127402544640472737e+00
1.486177253190783532e-01
3.020413170340550124e-01
1.460268541600748371e+00
7.117972927815277018e-01
6.301247641250502518e-01
1.574365198687639023e+00
1.206207243055654743e+00
8.632028876510435822e-01
1.422594201393196478e+00
2.820299496244857984e-01
1.529590263156663354e+00
1.280313512527840203e+00
9.699090217803534308e-01
5.682994641353351639e-01
7.628452280374560246e-01
3.235109873040640238e-01
1.735110650209195970e+00
1.301021972678860106e+00
1.514679432705097639e+00
3.420481552496315025e-01
1.741412930513563495e+00
6.222810134561740369e-01
1.957503103858246885e+00
1.153831395805102744e+00
1.236209719975110310e+00
6.133130731787321821e-01
1.465275812811045242e+00
1.468170116009424042e+00
1.196465988560369453e+00
1.368516187881305690e-01
1.087059901284428420e+00
1.761758656421038349e+00
1.035414959219180364e+00
1.989716626651984122e+00
9.656102162259529997e-01
1.450847220573668661e+00
