2.027109671968330140e-01
1.035195501953225516e-01
1.607776018221705350e+00
1.983768806841242238e+00
4.564737153343036979e-01
1.834560388842823020e+00
1.713834562496835634e+00
2.132558948268652443e-01
6.238793092353009939e-01
3.852956933278521845e-01
7.765415068213865624e-02
1.339338045499466112e+00
1.920835918279183208e+00
3.531206066609748895e-01
1.046340378993504849e+00
3.425098724494608504e-01
8.791511709293824417e-01
3.783179276698054316e-01
1.174635005590933812e+00
9.566692184966596457e-02
5.297735560184912984e-02
3.523352860858595115e-01
1.776674098607640584e+00
1.274331970149773063e+00
7.867073521203571396e-01
1.828573804099379085e+00
7.360928388206069428e-01
2.795432512067965725e-01
9.842402486453551980e-01
5.425937010918024939e-01
9.488189994000046923e-01
1.836222990090860652e+00
7.181907449519915332e-01
6.452028963142160123e-01
1.433359819808002200e-01
1.524481142079915141e+00
1.707373138958894643e+00
3.402954630234802380e-01
7.751167368980649286e-01
1.551442338902155882e-01
1.389982993926252242e+00
1.605188399767448093e+00
6.492167804801196596e-01
1.217703741897413039e+00
1.219147972926180046e-01
1.437865270501140103e+00
5.461213480579112378e-01
4.054912746660028766e-01
7.381370893898386853e-01
5.015999961206993873e-01
8.185764223099649683e-01
6.951216377596725060e-01
5.180449764356662712e-01
1.733907454973971252e+00
5.895826882047328077e-01
1.268777074568563812e+00
3.824769642143048820e-01
1.630500312338332591e+00
1.521571143037542040e+00
8.528773361082295779e-01
2.751722882668388159e-01
1.800598702995144240e+00
5.628414267730970089e-01
6.192306412378889569e-01
8.499211297429143386e-01
5.855422289553313675e-01
1.985017857146921916e+00
