9.566314967707705286e-01
1.847921901523375876e+00
2.010238447948058393e-01
4.907807280107481240e-01
7.443415399946404776e-01
2.986199789430799001e-01
1.515333126129725816e+00
1.759667210304188600e+00
2.136542221889574655e-01
1.666962327183391324e+00
1.503940145412868468e+00
1.398991470651678171e-01
5.526589733236884072e-01
1.296526057620259298e+00
9.357602604171768590e-01
1.558632126162295961e-02
1.016561555215722557e-01
6.038469492787426063e-01
1.325685101487805273e+00
9.898410825108339139e-02
1.550104332426659237e+00
6.015841957972840603e-01
1.513291268439488579e+00
3.343254208048929144e-03
1.264628699107683829e-02
1.745473846807588103e-01
8.547135325565191621e-01
1.069924814847295735e+00
4.775355738904529801e-02
1.982353997911831200e+00
1.089442788099119763e+00
9.636941247608494798e-01
1.981000674039530729e+00
9.884248439600611391e-01
1.095904190479569440e+00
1.450864081605161893e+00
1.211691378994745438e+00
1.917726008009784433e+00
5.174496916638258170e-01
1.412354294539656330e+00
9.952587651167039695e-01
1.881618204876257749e+00
1.836337761769567312e+00
1.422910316581496470e+00
6.756194412977643005e-01
1.525094404163724437e+00
5.961322104991308990e-01
3.996090420632105733e-01
8.872855447125580497e-01
2.607046106773491800e-02
8.020197265215802673e-01
5.904447178142779862e-01
1.431344232687072004e+00
8.564603685878755535e-01
1.369926565444977928e+00
9.225542089583682603e-01
1.248463192690300705e+00
1.095733563857233861e+00
1.953081845561173147e+00
1.411383686756602085e+00
5.114033572982439324e-01
1.022362301079078772e+00
3.269006828505185425e-01
1.990100548341553477e-01
1.781014217266168043e+00
2.223116346264584209e-01
3.988939421068096181e-01
