1.824308107342280216e+00
8.230416531880555553e-01
1.219021359617885381e+00
9.673446979454562999e-01
9.233184167462327174e-01
2.746631160570909280e-01
6.936863918125113493e-01
2.187170713445341086e-01
1.808216959435569038e+00
2.278551260413559376e-01
1.365980315184733840e-02
1.034168602141505300e+00
1.942834250584306588e+00
8.715929966763229508e-01
5.117352987159087263e-01
1.082631943013424358e+00
1.182218296861377027e+00
1.133929489971960525e+00
9.578693681793062353e-01
1.727067506628740645e+00
1.224364331790162463e+00
7.641854367984546315e-01
7.556082194548596753e-01
8.552318237394307410e-01
1.840564447640691270e-02
1.174889520542525823e+00
1.661504901645001642e+00
1.496022001747896901e+00
3.285149655790173817e-01
1.893128784040025714e-01
9.875163245532707634e-01
1.269178673809541191e+00
1.066934044676646653e+00
1.003794831647439434e+00
5.907185719118581702e-01
7.853192884916317951e-01
8.756692161914698680e-01
9.898175742955377387e-01
7.476707389378396407e-01
1.304573377336456730e+00
1.997687436016014395e+00
8.961709401334791991e-01
9.606544276445845298e-01
7.006241582984049643e-01
1.754508396085793898e+00
9.155332178294961487e-01
1.699002882013945559e+00
8.201664716382821574e-01
1.863495824953081303e+00
1.826262873497773054e+00
5.440783834967284349e-01
9.061897774301126418e-01
1.378849905517163688e+00
1.649940042720066558e+00
5.270500588744968518e-01
1.701971542615215327e+00
1.117368249008793946e+00
8.581536000858966950e-01
1.302240199028087186e+00
1.483761899824499686e+00
1.850628468341204869e+00
9.336532930754515291e-01
4.909071728144476232e-01
3.096393916501920529e-01
3.894263507477946362e-02
1.454681869810698025e+00
7.508541060590654403e-01
