7.264832526767159848e-01
8.222096326224348495e-01
1.723068094613926959e+00
1.907396336418125227e+00
1.421203878400235876e+00
1.765812396214261337e+00
3.200704454591214443e-01
3.649185191146298024e-02
1.514114061816287382e+00
1.874914139504296973e+00
1.116509499747078138e+00
8.425954703175357885e-01
1.035569325533864493e+00
1.662066124245891174e-01
8.275546532014166345e-02
6.923775161878844564e-01
1.366983432122637065e+00
8.611003179707665822e-02
3.835561322400309336e-01
4.370323419392478925e-01
1.618463027728910486e+00
1.043578716760080738e-01
5.089937086579543468e-01
3.011077369716153029e-02
1.850621785496884719e+00
2.206547674602092890e-01
1.649142467087880704e+00
7.741920496376142324e-01
1.301284489319547433e-01
1.092736121681388450e+00
1.773306888866857278e+00
1.701860912143251081e+00
5.874675439869117000e-01
1.334768852870617639e+00
1.351083172416967404e+00
7.626741624688784249e-01
1.455855296921275688e+00
6.645230777824422397e-01
6.786732381651550128e-01
1.049561767622706476e-01
1.229947969281202091e+00
1.847978205805440144e+00
9.295364351199206787e-01
1.979899406687428254e+00
1.092898055462824924e+00
1.026680800769447455e+00
1.410470525236559691e+00
1.895272388350295767e+00
1.294517117684295560e+00
2.332383246396032561e-01
1.713048727499987489e+00
5.913154118119545721e-01
1.198215702780741854e+00
8.288494139412807549e-01
5.517432172473237806e-01
2.816764762907362218e-01
3.009701793093872979e-01
1.095306839124873921e+00
6.838146757125760367e-01
8.618330291864753079e-01
1.500099906687995865e+00
1.668917925778843792e+00
8.107017860781948748e-01
2.769753202054978658e-01
1.982871868444528562e+00
7.626622221447982852e-01
1.332545621858872487e+00
