4.825947639657934829e-02
6.681178656063591070e-01
1.947013639978623090e-02
1.878122091798920312e+00
1.166452262480143887e+00
1.758937547542940294e+00
1.575540111168420410e+00
7.582909861691802256e-01
8.594067608367783606e-03
1.276350580864999973e+00
1.570735747066763999e+00
1.360683658433627929e+00
1.630848389931026432e+00
8.375456023042220366e-01
3.661623219126921569e-01
1.369264382449550066e+00
1.070559786157581073e-01
8.175811298521380444e-01
3.468847496838400879e-01
7.455604775340769486e-01
1.985599764604199624e+00
9.723932328508020362e-01
1.486504042436784800e-01
3.410341982304547770e-01
1.526805367706667749e+00
1.715853232475216927e+00
1.233027277146758749e-02
1.803492613847742732e+00
1.011332418769125052e+00
5.234036503214958280e-01
7.280489615275942406e-01
7.357212203481502399e-01
1.830425234245696586e+00
4.120619299760339693e-01
4.485896087525231835e-01
8.432362089049991738e-01
5.168998136649642916e-01
1.162980350472770930e-01
7.531328229153042564e-01
1.290301097908181482e+00
1.943787758280391742e+00
1.236401531230240103e-01
1.163687550632596324e+00
1.179503634637753429e+00
1.126505464124885947e+00
1.262461271451644329e+00
9.061496343730190972e-02
1.455253674718144818e+00
1.903055776073029559e+00
2.723034188175308401e-01
1.871206202048011136e+00
5.444994200752981683e-01
1.580962984653233594e+00
5.681939245501288482e-02
1.677150943785772785e+00
1.518105186369891779e+00
1.503338999530819287e+00
5.648475410088891202e-01
1.702681867177490371e+00
6.251558461946835621e-01
1.124817727612089424e+00
1.527611127935741386e+00
1.140552586568897020e-01
1.354223279714048989e+00
1.212035367756758575e-01
6.813503117520669505e-01
1.757757445111029160e+00
