3.151803738382739084e-01
1.446666636984978993e+00
3.894385259894033169e-01
1.710656757061877364e+00
2.296393668824476819e-01
9.801618983207935898e-01
1.735488832324523667e+00
7.241039137214935195e-01
3.850948207863473804e-01
5.986518591507814513e-01
1.291958031845463317e+00
1.688748441159560354e+00
4.345581351455596320e-01
1.128201998917688798e+00
2.002463090090422781e-01
1.650252072089267497e+00
2.216276225914270981e-02
1.108039818671505472e+00
1.038772992995966593e+00
2.127182908224289903e-02
1.935228747914501390e-01
9.406011853638740483e-01
1.338629132164417257e+00
1.539410191602697875e+00
1.202513166010910073e+00
1.892148065286270775e+00
7.134437582576071968e-01
1.819733322923168028e+00
1.119232713464023643e+00
1.901183844498171460e+00
1.662496774137809830e+00
1.127150459526610859e+00
1.336203619306088441e+00
1.328454344084528671e-01
1.794265160985938135e+00
1.070286834991459823e+00
1.960861233289596495e+00
1.563544711425534306e+00
1.779810585246321075e+00
7.419131735849817666e-01
1.882182523143605124e-01
1.547877456398427221e+00
1.146640357692048084e+00
6.835463784601638615e-01
1.603876807886469358e+00
1.246114368145192941e+00
7.777376648583320673e-01
6.571502755970666243e-01
2.379141644166167247e-01
1.051297820143048511e+00
7.986185663696074855e-01
1.023611634096764700e+00
1.323274248762672745e+00
1.306044554311426964e+00
8.531147278397206435e-01
3.601515853416161761e-01
1.371590367630506346e+00
7.376997188884359957e-01
1.780853949083993637e+00
1.356483974395354064e+00
1.629321547606489951e+00
2.786350364987484340e-01
1.374451798009299619e+00
1.648334662764998182e+00
1.509247779738924766e+00
7.065177727356428683e-01
9.054122583747727937e-01
