1.936761488211396376e+00
9.249757476041580162e-01
6.679836485305581384e-01
1.278479952735851022e+00
8.253499024966086672e-01
8.726697241500058766e-01
1.120446567295704465e+00
9.241047357433602727e-01
1.525445915969307009e+00
1.423797291890718242e-01
1.590569481921564776e+00
1.771156873541227306e+00
1.247562854368755136e+00
1.776222347459988971e+00
1.135257477302673568e+00
3.712091071460630332e-01
1.998239445072682585e+00
5.158210704002876845e-01
1.837349205430232502e+00
5.327463197962254426e-01
1.554197311587259378e+00
1.705858122128770749e+00
1.450858952384685097e+00
1.183257669291262193e+00
6.325630752266722112e-01
5.203367362984856470e-02
9.726213505004723814e-01
1.252886219210737728e+00
6.713746532202304884e-01
1.370366548605192136e+00
7.068684391544124423e-01
6.540942060567682681e-01
1.943250572125108988e+00
1.090639640148448830e+00
1.581468581684593921e+00
9.693841921396906258e-02
6.405423021964180563e-01
1.538748226863000390e+00
1.460087577837474893e+00
1.798887128438734884e+00
6.219246243841718425e-01
1.802528157410385745e+00
5.621155822135461833e-01
3.838363002587303896e-01
3.862378048458792179e-02
1.135174483875689866e+00
1.206736566905955765e+00
7.373313659207676452e-01
7.272237195150377254e-01
4.593999099826762134e-02
1.306200199704969922e+00
8.303252080742193897e-01
1.252281208803549539e-01
1.616539009591177578e+00
1.730744527789631615e+00
6.036725835663485640e-01
6.905698435547700242e-01
1.744810246292555878e+00
3.782110573597621261e-01
1.501474820791493414e+00
3.310439067095609644e-01
1.891946001484113182e+00
1.236162843013658197e+00
1.654242166694860128e+00
1.011340358014299223e+00
1.511787121983998450e+00
1.214310739101555736e+00
