1.927912559619053834e+00
9.673397947230544247e-01
1.864155547998707085e+00
1.886344319348272958e+00
1.526364459572070231e+00
4.728237596438682466e-01
1.875830479044816368e+00
9.721268783754348775e-01
4.683071470209756448e-01
1.374380046260448296e-03
1.640579797649721616e+00
1.005425026912926789e+00
1.912884724387028168e+00
1.466565063040714101e+00
1.815732187289818889e+00
8.801524021084223826e-01
1.157028826949376032e+00
6.102155929871551088e-01
8.395492594635358685e-01
1.807751522356382701e+00
8.014336057210442732e-01
6.863751348904325589e-01
1.446851973379967404e+00
1.208782083380434802e+00
1.005645680816318777e+00
1.001355530196679666e+00
1.966690606214000159e+00
2.023017066535417463e-01
3.874911950441748409e-01
5.540630720234114293e-01
1.345812734491061757e+00
8.774421818645850024e-01
1.266982011675665820e+00
1.048148121592801463e+00
8.747455265001624625e-01
1.779686254142403001e+00
1.484147394728228431e+00
8.468149309127839253e-01
1.179531878625347030e+00
7.069692302465733214e-01
9.816415470451294034e-01
7.582159976945344049e-01
2.392863218134579917e-01
3.285477766133717559e-01
2.060593622217816723e-01
5.501704755313996387e-01
3.756570668199903373e-01
1.213464299588815187e+00
1.582091666932893492e+00
1.833514021283358719e+00
5.562640658656010650e-01
1.755037114776442309e+00
1.256998142660860740e+00
1.780745907292618391e+00
3.372939008691986373e-01
1.046308004155370064e+00
7.232596416170666842e-02
1.276011530364880464e+00
6.434747423686335566e-01
1.775685092438805679e+00
1.916325154713720114e+00
1.856618672260649472e+00
8.847605102913105313e-01
1.452243769687533437e-01
1.086361539060838322e+00
6.018066083727569016e-01
3.289094259195386449e-01
