6.773137471124899278e-01
1.971603329496618429e+00
9.235440662133025391e-01
1.206757095007444658e+00
1.431546764665010851e+00
1.644698993028779643e+00
1.136490757037126098e+00
6.571115184765075057e-02
6.450451520870670308e-02
1.782904296055995541e+00
6.576464680848568278e-01
7.847086809989627376e-01
5.913141144050069187e-01
8.993862981857589922e-01
1.302525245253968844e+00
1.095446610960184586e-01
1.175532311348091774e+00
1.629834750666421250e-01
1.228037804734942284e+00
1.471941738538849798e+00
9.622567334597156297e-01
1.441913506152831648e+00
1.096429886668457865e+00
1.832633530357016038e+00
1.314204037268212222e+00
1.784587749635264675e+00
1.419445225971037949e+00
1.456785300161238084e+00
1.153765256826299712e+00
1.604541688523886123e-01
1.283047541657194035e+00
1.395759717977159475e+00
5.058610132512937341e-01
4.553555210679789411e-01
1.153126976633579659e+00
1.354224440527012963e+00
3.634984687936331227e-01
1.204753753601593314e+00
1.523137495224460292e+00
1.371268432947889249e+00
6.402256569392008601e-01
1.312816608769523885e+00
1.589809186363357885e+00
1.722362069299742782e+00
1.816812463721326321e+00
1.753864963101237073e-01
5.455189232313362169e-02
1.629777858714884342e+00
1.675639891088063660e+00
1.219252859838861003e+00
1.033833026798490540e+00
9.296185142656341327e-01
2.051642906461661475e-01
1.086506165387883804e-01
2.194953000081181216e-01
1.720325596564671766e+00
6.779682145554968287e-01
7.729014029603251679e-01
1.994549203214571076e+00
1.038452099018381869e+00
3.239285126794877456e-01
1.512557711768907520e+00
8.742790012563288471e-01
1.079352495551877400e+00
1.768040817528365949e+00
1.449213958570540584e+00
8.215452133832710224e-01
