1.989106461337195597e+00
7.577077814006427658e-02
3.407608715630154883e-01
1.804551426950068649e+00
1.784613779158505498e+00
1.868198936316061598e+00
1.591723231865567190e+00
2.173197068367782592e-01
5.874301833797219707e-01
4.529424331419562577e-01
1.387084545345151021e+00
1.939167792818176750e+00
2.286437307856412637e-01
1.692927599339908440e-01
2.012289970001992501e-01
6.059308865394239518e-01
5.719217877748832279e-01
1.878037389453452999e+00
1.719444573925260400e+00
1.267142038160249840e+00
1.180355220724170096e+00
9.017797947293719751e-01
5.350149791633640461e-01
1.574422758315162429e+00
1.406459630544981909e+00
1.457046671159098139e+00
5.453982695159673710e-01
1.837056323113358314e+00
1.812484969026936454e+00
4.049096393779230141e-01
5.678760056252318833e-01
8.813026404834505279e-01
7.488501507309313077e-01
1.674255034970155265e+00
1.121422296537006424e+00
9.091004977559702382e-01
1.811920310191432737e+00
4.990469406776689709e-01
1.381123906524593714e+00
1.907625849854528877e+00
5.522572157041185648e-01
9.544087389908093577e-01
1.323911544908824567e+00
6.365033643171500444e-01
1.316361609762481955e+00
1.606501644066211210e+00
1.328709965652170588e-01
1.364879501616736324e+00
1.425148147030019796e+00
1.198218739858873505e+00
1.892914852664845604e+00
6.665601065710657913e-01
4.641454533610347433e-01
7.809836688854030484e-01
1.083642709016016337e+00
1.681462113010497195e+00
1.151482609886565811e+00
1.656876278784637169e+00
1.677822453885745357e+00
8.847885325948117163e-01
1.328118744638380644e+00
1.567255625590439738e+00
1.993633321356376165e+00
3.458588970143816610e-02
2.242662204531509218e-01
1.166094109788517130e+00
5.881410987979753813e-01
