1.677941491369851601e+00
1.023106937493721169e+00
4.961353857455721439e-01
1.708054693079334552e+00
2.832232546574351417e-01
1.041758296212161206e+00
2.686476631513921021e-01
1.827153566429625897e+00
1.568904329605973480e-01
1.452555193518047627e+00
8.201432019522481021e-01
2.603671587874321069e-01
5.981920092107935183e-01
9.337682687691786221e-01
7.760323702969618154e-02
1.287060540602405379e+00
9.454220463175735389e-01
8.148127682016692575e-01
1.058864975933341057e+00
1.535209165648550478e+00
8.430014661674740672e-01
1.726308222829257222e+00
1.279498438105908242e-01
1.105280642637056943e+00
1.950832835708893320e-01
1.839261237775817293e+00
5.146227657318909188e-01
4.160196353518244017e-01
1.760398421048141149e+00
4.990519449629915449e-01
1.108250610528931812e+00
4.508554532045003782e-01
4.292716419392963445e-01
1.915957072965546182e-01
1.598735913195798997e+00
1.632299987938853114e+00
1.253676677619551150e+00
5.972458784941725440e-02
1.004303870869289739e+00
1.434818613583697111e+00
1.598432066940843388e+00
2.091155951415624159e-01
9.949198538798391667e-01
1.562228093026854392e+00
6.772464815478786981e-01
1.709652294899330904e-01
1.770747943738940844e+00
9.650941093866030052e-01
1.720282693409023178e+00
1.476809654880236078e+00
4.210186856818638468e-01
1.587711836234580343e+00
8.131465300851865585e-01
1.902574694721267612e+00
3.764100850733322901e-01
1.902669338201863347e+00
2.883416016798907577e-01
5.497611869838641141e-01
9.965950567840735630e-01
6.340716731270585882e-01
1.192009599807456688e+00
1.277450149257250978e-01
3.956571663642782788e-01
1.919179428229497386e+00
3.052721632194344004e-01
1.265649580147834463e+00
1.373524282155915710e+00
