1.145189805372278435e+00
1.398790255881258382e+00
1.543442906458122987e+00
1.934909606036071761e+00
1.986406506935409322e+00
6.408153203917454910e-01
3.367629677698862345e-01
8.965976860204025733e-01
3.561358409706847361e-01
5.282967842536288039e-01
3.063802438857701205e-01
7.147620092403856873e-01
1.467719760074149615e+00
1.698638134184453641e-01
9.095003598739670458e-01
2.939113463617939459e-01
1.907025322202690276e+00
1.303218357908582981e+00
1.479720562578417109e-01
1.299785573749649981e+00
1.283494523814586064e+00
7.606377719674517479e-02
1.850769306492058064e+00
1.789465939395528782e+00
7.927520870079365345e-01
1.032328736089286547e+00
7.373826452361371686e-01
1.386670967912452923e+00
7.608187625145577115e-01
4.015026417370868295e-01
5.186523911292790778e-01
1.049545504071918600e+00
3.950191719490909747e-01
2.626611196185035801e-01
1.355228081796748363e+00
1.772684073683321593e+00
2.910270935643359813e-01
9.633022571284377555e-01
5.927792585277766868e-01
3.133936291389254336e-01
1.163102026603433981e+00
8.744577607408512421e-01
1.774957577640975614e+00
1.405399212893557959e+00
4.907553082498421482e-01
1.143612951284566304e+00
4.064261555867920706e-01
1.805385402691359165e+00
3.144642101835746217e-01
1.393681924190462773e+00
5.707099743679657777e-01
1.370551134219000655e+00
4.009092689421018818e-01
1.893538587117641558e+00
8.717680490134682714e-01
7.577017129886938207e-01
4.165535274075886640e-01
1.835492847980145559e+00
1.919298924488364477e+00
1.480299357429743612e+00
5.025561124309749772e-01
2.195072061003910946e-01
6.962667170955816331e-01
1.982306866808098977e+00
1.540354100966903506e+00
1.186787636088639353e+00
1.369761500262995479e+00
