9.904800381081568794e-01
1.080730595889400902e+00
1.651431567800060840e+00
1.862667095359901825e+00
1.148535213497652308e+00
4.433595847629931974e-01
1.451938050576707440e+00
1.794533051966331172e+00
1.575128775648027002e-01
1.338434293351707272e+00
1.973327178941126636e+00
7.741317379321843717e-01
5.326745001001937929e-01
2.249729875890862374e-01
5.555896954339640814e-01
8.118181961245718448e-01
1.935038596806958555e+00
4.035535030441179671e-01
1.742920328590735757e+00
1.901008755633057046e+00
1.725343186051406352e+00
9.982791205384802247e-01
9.652120760343279038e-01
9.284046024879870629e-01
6.569487623368019946e-01
1.461091606153603006e+00
1.732473821292197513e-01
1.352674783221209154e+00
3.825035766617279620e-02
1.971014650924725942e+00
6.165764632141517154e-01
4.248979454237562514e-01
1.051914967538583934e+00
4.627319675378140929e-01
2.196514415509911444e-01
1.666410487216594127e+00
1.062631309860373463e-01
9.065273071942474559e-01
8.505180257018292167e-01
2.570662914166677027e-01
5.291929052514161569e-01
1.565822588591407438e+00
1.349805198945812634e-01
1.306961123183547180e+00
1.186268995937909132e-01
8.377528105020237703e-02
6.687816161486832556e-01
1.592677472514727022e+00
6.660843007663572735e-01
1.850994596920072066e+00
1.266403679760139678e+00
8.864387566347242675e-01
1.017508986589307884e+00
1.933210816960041267e+00
3.305094054617265797e-01
9.555230519230457631e-01
1.476792222610164629e+00
8.388042705273979216e-01
1.851774504631103824e+00
1.995819286715740049e+00
1.831031090013981455e+00
1.363877896987580218e+00
1.645112115477557424e+00
3.608179208009412164e-01
1.935813343927876851e-01
6.475210504479282925e-01
1.515544065414256458e+00
