1.897854335941559167e+00
1.088159527924354997e-01
1.152670597334992220e+00
3.695502607801990358e-01
3.682250412110041893e-01
8.127513702624971081e-01
2.833910284022818082e-01
4.255804629817956375e-01
1.536391215619185679e+00
1.219720127396658249e+00
7.468347052096846461e-01
6.308573424900769666e-01
7.524281132960450869e-01
1.130511543189374635e+00
1.295665676056651616e+00
5.082559484299471464e-01
7.658232177843502519e-01
6.143317005922313001e-01
9.241851327592534027e-01
4.964236614874630860e-01
1.778648798620109606e+00
3.223767930755627731e-01
7.214164753431635546e-01
2.074506929355157681e-02
1.020969332125325923e+00
1.739321760684566787e+00
1.379739936857030447e+00
1.977543795066484478e+00
5.931514093724299386e-01
1.773021397742614802e+00
1.715422019247024199e+00
1.037375132671438660e+00
1.612258029753725452e+00
1.405297907428858295e+00
1.644655733028075772e+00
1.986337614166189702e+00
1.221050579895389454e+00
1.598968520375612101e+00
4.425832507966922513e-01
6.537403594791784123e-01
1.810972769517412484e+00
1.098567150115129731e+00
1.112938661040260957e+00
1.444637359537801480e-01
7.382122907407877577e-01
7.803073071195445465e-01
5.324727666091400025e-02
9.957067250663609315e-02
9.971598868814401939e-01
5.416656428817550051e-01
7.493229199473865343e-01
1.373995593566332829e-01
3.308229143524363813e-01
7.238342786024487552e-01
1.228434337908041574e+00
1.928759003048226006e+00
1.898877915400722483e+00
7.763262283226222138e-01
3.998191097121939208e-02
1.972918787588393563e+00
5.334432707188931921e-01
1.417680372992081494e+00
5.884832318792954098e-01
1.465740979158745905e+00
1.639708716333370120e-01
1.449281725426589063e+00
8.555414514627850409e-01
