1.642428787753163366e+00
7.298978517455694259e-01
6.501327247130910258e-01
8.839127285220853558e-01
1.653720851878767828e+00
9.327755734724876291e-01
1.893580208391089315e+00
7.272044646966446813e-01
1.275823778873161007e+00
8.012107654492308662e-01
1.643695925032732763e+00
9.231267366879842839e-01
6.908984091077785550e-01
1.442092843711519468e+00
3.143761511861229430e-01
1.646520391480108092e+00
1.543018896691215502e+00
7.833222715708978434e-01
5.333114814535830916e-01
1.601208583517073958e+00
9.894654025844999978e-01
1.565462426467586265e+00
9.910549122156582236e-01
1.318227498775462081e+00
8.461594074995248960e-02
8.534341447130260327e-01
1.626615188168680781e-01
3.994585987110830239e-01
2.037182823639174245e-01
1.666604312462828918e+00
1.526722337027568877e+00
1.476957943086271374e+00
1.229443376605790395e+00
1.348529668902705758e+00
1.211461023825231464e+00
1.235927381966660743e+00
3.597456835635615136e-01
6.515386564455027951e-02
1.399346051369045885e+00
1.127981846183861769e+00
1.519899774759943867e+00
1.735581458340066607e+00
1.708375357733523892e+00
1.798801209533610113e+00
5.378867184932643042e-01
1.373374802445475051e+00
1.438975030070466676e+00
1.600969107409935699e+00
1.426137334037848703e+00
1.086329729993966708e-01
9.615203254971560476e-01
1.810023999559011720e-01
8.230424493294181687e-01
9.570362511443430975e-02
1.767845273592042687e+00
1.668013386422372513e+00
1.741746898569749291e+00
1.211674908138154372e+00
1.655909499814428809e+00
5.923627360479581938e-01
1.977455285721433142e+00
3.429337444191982165e-01
2.290564883612247193e-01
2.982528629041731882e-01
7.619310711496884991e-02
1.465502026135932834e+00
6.663055702384004242e-01
