1.934309507208441303e+00
1.230323489063594344e+00
1.101992289140940606e+00
1.800588740326546144e+00
1.752462644581587625e+00
1.998673306009511208e+00
1.862226345540181960e+00
1.836397923653018349e+00
1.964702781406777898e+00
5.323189124210530032e-01
1.408582521032350154e+00
1.920375537052491755e+00
1.635916765808755002e+00
1.929083235780060246e+00
1.682147021590659985e+00
5.733705701979951996e-02
1.895458738860632764e+00
1.869096492679158672e+00
9.829377037973139331e-01
3.556987789878474082e-01
8.595156134799850633e-01
9.078783543371473641e-01
1.360814475063656825e+00
9.171013375269412293e-01
6.231474853848566475e-01
1.591801689286903354e+00
6.236299386312929016e-01
2.132454328359969509e-01
6.600642838339236818e-01
6.914438382113976544e-01
9.767120123559491773e-01
5.038663409226589174e-01
1.039542133675044777e+00
1.557051446817252049e+00
6.800536548078914834e-01
4.811639977504618138e-01
4.368408669478336392e-01
1.370354924322336743e-01
1.480087183122069661e-02
1.894208728824038346e+00
1.195114570582684888e+00
6.938101708528496836e-01
2.177664222325499388e-01
2.674871973294203897e-01
1.419875153108605126e-01
1.559169385861522983e-01
1.884316844287843296e-01
1.467705020674495930e+00
1.057589705407895764e+00
1.414750636162833697e+00
1.374906437665653680e+00
1.311080933857502462e+00
1.058452757357195129e+00
1.643855128477106575e+00
8.982211806670168386e-01
1.696363938207889888e+00
1.987789422467185041e+00
7.325693995767603717e-01
8.745926055530932608e-01
8.583072981936847867e-01
2.688649626567864992e-01
4.294779930545660207e-01
1.716545163448005340e+00
1.194929194743166612e+00
7.985462434307732948e-01
1.970320225972201023e+00
1.625388691310214462e+00
