1.692943688784573908e-01
1.676885425938739349e+00
1.493136690554711876e+00
1.513852528566273836e+00
5.715944643284038840e-01
1.169506773716765924e+00
1.717525836810285256e+00
5.844814092837036235e-01
1.534301271329935989e+00
1.101684354304781621e+00
1.672593203937040585e-01
1.074169132884029043e+00
1.874349883008119111e+00
1.763631518872687653e+00
5.900716178380731591e-01
9.296891336227783853e-01
1.000680202108864325e+00
5.582531200051477072e-02
9.329129905153137337e-01
1.358760544880222021e-01
1.878718546934533329e+00
1.898029867070004428e+00
5.605295638482030718e-01
8.700885841258951814e-01
3.876984762729840384e-01
2.266369829299952343e-02
2.738804611406981948e-01
1.469322057007378834e+00
1.700899727614642032e-01
9.666131511886715266e-01
1.029641380275448270e+00
1.143672683193868611e+00
1.993475599727579262e+00
1.901575323557139541e+00
2.620058173573442950e-01
6.776675030569574432e-01
1.563569941038428723e+00
4.501715213020740514e-01
9.151645735483344701e-01
1.904046405505783746e+00
1.454633429558132018e+00
1.263714984663138363e+00
4.558163329282560738e-02
1.012591102839841106e+00
1.076982603312925502e+00
1.038242726578728181e+00
7.638083749481987539e-01
1.249234640881460301e+00
1.380464450735958692e+00
1.065229775360825748e+00
7.883935204573280231e-01
1.205533918042319019e+00
1.479463996541448889e+00
1.373347730832328306e+00
1.311248274755573373e+00
1.676458484782857639e+00
5.201420161917589269e-01
1.540636851115332551e+00
1.878859383618766810e+00
7.438149630684569580e-01
8.678732963624442576e-01
2.408870517708532333e-01
5.573292438776165092e-01
4.767268388071728147e-01
9.627892732199136994e-01
4.146987072469281443e-01
4.846854978833006200e-01
