1.757626485952678674e+00
4.093300846989591513e-01
9.110488542193553307e-01
8.881658972694195242e-01
1.180684079577080769e+00
3.792711325887223595e-01
4.315984199347195904e-01
4.643853275486859999e-01
1.105386615316482413e+00
8.020582209759643533e-01
1.111646450855747315e+00
1.866057787101760290e-01
1.960666058104683973e+00
1.361712288176581964e+00
2.763269333116369353e-01
1.177766556987986490e+00
1.516738140826357828e+00
1.465259668021939188e+00
1.455718112969804690e+00
1.325880992528481350e+00
1.800148757089388596e+00
1.123078696168191115e+00
1.235091909173240854e+00
1.676260177232476334e+00
3.445618727469565989e-01
9.558450820456680930e-01
5.028924850864302520e-01
1.710905947558337026e+00
2.009292311122430341e-01
1.592870535165960000e-01
9.034614670999712160e-01
5.353037821939050644e-01
1.833404231808763107e+00
3.038828673912830070e-02
1.675314178531257525e-01
1.480837631835735024e+00
1.243894831968068715e+00
8.661033758124370152e-02
1.090127865504957771e+00
5.800182673345610773e-01
7.346764443217259632e-01
1.054289332645357291e-01
9.586290692768741906e-01
1.972642757831171600e+00
1.493761976101923405e+00
1.193960177661189004e+00
2.695702566410926870e-01
4.332502840121681409e-01
1.287816956605608798e+00
2.075232846832761879e-01
1.977425167680713081e+00
2.217522290896729587e-01
7.979145544837464854e-01
7.985388554608734424e-01
1.037839463453577249e+00
8.801995100007982131e-01
1.339378258991386073e+00
7.624807975618890232e-01
2.557991563288610770e-01
5.217754245332399954e-01
1.503120173791057113e-01
6.590311585613011225e-01
5.415368486801486192e-01
6.083777589454153478e-01
7.423234534971512311e-01
4.726379711132322470e-01
1.957750938896753556e+00
