1.850877261902446058e+00
1.530371896220858119e+00
1.082012293377623724e+00
1.688259356762801477e+00
1.806958469320887772e+00
7.477277041279117853e-01
5.188924815802198331e-01
4.341904681354900042e-01
1.908285780729691794e+00
3.298938532282691405e-01
6.470139577383924312e-01
1.358225936450455862e+00
1.948373393505836937e+00
5.585051222429062712e-01
2.698180780890209185e-01
9.957498450417276992e-01
6.243401104724330963e-01
9.001903213202178122e-01
8.310079411824360385e-01
2.529749356924710924e-01
1.552048747690293773e+00
4.434942314553853571e-01
1.273576631455764385e+00
1.150825035116228356e+00
1.964050241109675188e+00
6.843248592907289485e-01
3.496656271331777255e-01
1.146445048077091577e-01
1.674609310245442018e+00
3.997435773199611297e-01
1.905373571335959859e-01
5.997894551405655861e-01
1.161411569760757434e+00
1.191434603013469040e+00
1.654182225032408748e+00
1.289939915882990285e+00
9.319363746263951143e-01
1.242733778591307736e+00
1.621396892661292277e+00
1.552871511536216609e+00
1.294792783294449467e+00
6.470560999783585565e-01
1.622351571114692081e+00
1.034870138100463688e+00
6.521315181979523423e-01
1.817199117110968931e+00
1.256487707750333804e+00
1.183492424840017154e+00
7.642177878198297414e-01
1.664132762676473476e-02
8.738752575719592741e-01
1.835904495481182508e+00
1.751722395167524926e+00
9.877650445155916614e-01
3.449956621940959423e-01
2.927643611805663681e-02
1.717187104255795127e-01
1.334570088412045497e+00
1.768850106562756874e+00
2.884790326677246775e-01
2.066422392442226474e-01
2.583849892776202140e-02
9.285360601354719634e-01
1.701482277705166357e+00
4.334560377856231383e-01
1.428372988908457319e+00
4.242322949276040589e-01
