1.630707764796603954e-01
5.190898506202663576e-01
1.319881181057600106e+00
1.601198125497498292e+00
1.677458210796410665e+00
1.692754776067908473e-01
1.969431328939221792e+00
1.830156729637268054e+00
2.387567747309837785e-02
1.514695912804463251e+00
1.367366821888411188e+00
5.362903393231106541e-01
5.058702339694618466e-01
4.591079074595265652e-01
7.432346869843842185e-01
9.292579696634106767e-01
9.387800787339770636e-01
2.206066674733309085e-02
1.227994528947272901e+00
1.113036807059733846e+00
1.514622214526286204e+00
1.829970707014220821e+00
1.280200638731133989e+00
1.060481113882472126e+00
6.148929479216151961e-01
1.126962142581260373e-01
3.802967856054406681e-01
1.036463540999902122e+00
1.962318724244648926e+00
1.079636261013567911e+00
1.383193659047694535e+00
1.347112881029755016e-02
5.528973895112385684e-01
1.308867366616249583e+00
1.473101029442202670e+00
1.063544943759613393e+00
1.968904576091805581e+00
1.793914610059419434e+00
9.263819872045444548e-01
4.811334827854616414e-01
1.331728990283881586e+00
4.453800623339372322e-01
8.942206054796932868e-01
1.424702240275662390e+00
1.742692683943802390e+00
1.186923400669594564e+00
1.008689443391571849e+00
1.687053325739545251e+00
2.467810712031841547e-01
6.816065455253568217e-01
3.202347794334148290e-02
1.741108114554071218e+00
1.964500596334904703e+00
1.328210553608105915e+00
1.838207572230561304e+00
1.671367053458235663e+00
8.586286548970445409e-02
7.437280357026145872e-01
6.498896113956487142e-02
1.596246089902020771e+00
2.374819276886830366e-02
1.780393623079905119e+00
7.853603608567456540e-01
4.401610223499905494e-01
1.083130516921597231e+00
3.827320216095877470e-01
1.799355948747683787e+00
