5.620695828522719317e-01
1.834822538567558947e+00
6.765133291549307870e-01
8.279223067975207684e-01
1.047599851056771225e+00
1.275279012891289199e+00
3.883604832593450240e-01
1.935480566488060994e+00
1.421035420482552158e+00
1.017037849778836822e-01
1.973405023414632975e+00
1.474839010225947877e+00
1.976463861926184062e+00
9.826260390604795170e-01
6.162576730701840866e-01
4.638927862827042503e-01
2.797653706093772286e-01
3.216506754534798063e-01
7.363762975867857996e-01
3.676512142703738384e-01
4.825399691217988618e-01
2.635705368268328463e-01
1.363647893451225279e+00
7.946838070344912630e-01
7.116308607939769715e-02
1.380439555463659040e+00
1.313869186734462513e+00
8.933887136537332907e-02
1.054892514675132453e+00
3.362308964928288901e-01
1.591273813631408185e+00
1.002739210236827549e+00
1.804686824699373027e-01
1.131131583863234535e+00
5.645395946116300578e-01
5.630995695668272738e-01
1.951614860184567313e+00
6.576279827786279952e-01
1.536056234178689195e+00
1.822246054717428621e+00
1.043832375568171322e+00
8.709956271193699529e-01
1.777309570587779053e+00
2.604706429475025509e-01
1.982421941932584364e+00
1.236823158628222341e+00
1.560744188725173398e+00
2.183767008522599085e-01
2.518548709712966627e-01
1.473714486648423083e+00
5.893787146504614327e-02
1.096198174398370639e+00
8.824266064888193206e-01
4.290386712527936020e-01
8.818548039982951892e-01
5.793803884266424120e-02
7.958600738983849787e-01
1.926764318188441294e+00
8.720077761033406816e-02
1.394211874513912264e+00
8.285589919942593085e-02
1.640373166541501782e+00
3.595484549663310325e-01
3.723581143331791132e-01
1.973858285356916209e+00
2.722041460840598504e-01
9.387724493900875267e-01
