4.539468170265705815e-01
8.748874752738133864e-01
4.551779814728775797e-01
1.821921914917280283e+00
1.649331012823544551e+00
1.203662873679979484e+00
7.778334330193454882e-01
1.176868424537570679e+00
2.681691837729185401e-01
1.039039539579748261e+00
1.770310438495599215e+00
1.831068840884109150e-01
9.476150245150618545e-01
3.141305947262242881e-01
8.562800301338153730e-01
7.525502072886784966e-01
3.976820376589840222e-02
2.812068986123836822e-01
7.047526668285328810e-01
1.475200667004029853e+00
8.936546637184852315e-01
1.090306912242123616e+00
9.240379063297377016e-02
5.421917779446308039e-01
3.517205390073510074e-01
5.129157237682826498e-01
1.157637631921217825e-01
1.945945374249537618e+00
1.372955844193125330e+00
8.048872725923215121e-01
1.407758738600712434e+00
8.954178978778890574e-01
1.447305343393764154e+00
8.687897047842771947e-01
4.144747225990150774e-01
1.835696640643729616e+00
1.566000435018973569e+00
1.066827568757652056e+00
1.844559070511723853e+00
8.271788910999231526e-01
6.590108796215208287e-01
8.667298292413487815e-01
1.152396755450923571e+00
1.034819179092321129e-01
9.031659018388227267e-01
1.417208647380941322e+00
1.142658289635926749e+00
1.591169075165799196e+00
1.051284395230147162e+00
