3.304813018592862583e-01
8.708770210618026475e-01
1.921329359849855312e+00
2.932113994506986288e-01
1.627430998843357735e+00
1.242532441227484519e+00
1.214641723383793614e+00
1.401392705143186035e+00
1.941284044833029299e-01
1.906180014932046252e+00
2.885976167674662030e-01
1.449717454649026571e+00
4.015497651675503654e-01
1.036876954460332456e+00
9.261856378807329371e-01
3.960929484125110811e-01
7.831098557173810093e-01
1.770853716150996959e+00
1.673718395571428097e+00
2.471355382207107709e-01
1.897203859948781712e-02
1.705627165737015005e+00
3.600625589484529598e-01
5.214882608856101776e-01
5.372449091534945431e-01
3.400641899985430427e-01
1.959495725704713642e+00
1.214869744135071095e+00
1.581448458475403829e+00
2.787794173452371460e-01
1.232924750167933681e+00
1.383771915170418865e+00
4.113312449111923286e-01
6.612581176910969916e-02
5.834014812053984755e-01
3.929382282589419795e-01
3.408923816415994068e-01
7.739030923288323649e-01
4.746604690503155588e-01
9.671633876556322562e-01
1.215854319205085687e+00
3.598296438403503217e-02
5.267607796465423320e-02
1.920743360786112852e+00
3.940550786417920115e-01
1.051280344607574690e+00
1.121079149721531110e+00
6.684616158234750749e-01
7.372888893508711128e-01
