1.599807418559246575e+00
1.638609273030450897e+00
3.810442153282651567e-01
7.091875496810229329e-01
1.302677257363851204e+00
1.001577771572377706e+00
1.360698152523101889e+00
7.584309127119861493e-01
1.735398295448569161e+00
2.030880516968225358e-01
1.292721552334579194e-01
1.359079058515330729e+00
1.115554238316059266e+00
1.536173929118669346e+00
1.306541919913717820e+00
3.851130098557753456e-01
7.690220590365091091e-01
1.458466401017753267e+00
4.180745477898617501e-01
9.066023654770578588e-01
5.966845785975185557e-01
5.006248940757660471e-01
1.067329232040329590e+00
1.636052106977631926e+00
4.734819340479612393e-01
7.219611557440646088e-01
1.608303892984395134e+00
5.697456196996673050e-01
9.866865734180256808e-01
1.475489472350087095e+00
1.064314605717090689e+00
2.291711942756289311e-01
7.380494658244911577e-01
1.613916162648669772e+00
1.843655773448873880e+00
1.601524009165507856e+00
7.362162647400523063e-01
4.174431685572921324e-01
8.123684473619281476e-01
1.800725302357560231e+00
1.232892647721561818e+00
8.961115527255989477e-01
5.851060780994776778e-01
1.621322183592675881e+00
6.794267813536167822e-01
1.838816274427542474e+00
9.964377489565960921e-01
1.346288002746403922e+00
1.617188513368193359e+00
