1.030425661881428034e+00
9.238362661835082257e-01
1.598180435877977867e+00
4.305399305695258860e-01
6.546306483665143006e-01
1.485050226364843518e-01
1.120969466614166965e+00
5.089599288093640261e-01
1.376641446392274926e+00
6.696321008789674067e-01
1.854020318302919801e+00
1.444833894420307185e+00
1.234768937199283823e+00
3.389124843732815862e-01
8.543408079594771998e-01
9.037504503775899423e-01
1.775613927588994390e+00
1.657507261040943369e+00
8.348978637801582892e-01
1.390002699960772858e-01
1.986051635997646336e+00
1.238773743677109351e+00
3.506054629987049864e-01
4.443689982742724531e-01
1.947059568433406884e+00
4.723173026632876415e-02
5.095165328990249876e-01
1.053519994664941617e+00
1.251841522275003005e+00
3.604295766911702614e-01
8.555271813581022400e-01
9.253743574875539224e-01
1.634547178986068605e+00
4.687136154209374794e-01
1.914547742763414107e+00
1.193992522999799633e+00
8.421207408451558685e-01
1.638731856032904499e+00
1.511424823105524951e-01
2.769167565051500191e-01
1.796190693857126153e+00
2.610236371884648854e-01
4.890242350705773511e-01
9.830504424591910428e-01
1.468817664550785551e+00
1.325217723198555131e+00
6.021997640912202243e-02
9.764774941570659728e-01
1.433828777270015564e+00
