3.737558305984305385e-01
2.590065716620086889e-01
2.609499316623402621e-01
3.591057205056134016e-01
1.175097489868557332e-01
7.335503619845922252e-01
3.004562600316074139e-02
5.058114753916189699e-01
1.961851541108029728e+00
1.932707766735638266e+00
1.121817617728497751e-01
1.659283894673683424e+00
3.869086349890040744e-01
1.888767126244486061e+00
9.231548573394876556e-02
1.340968366154684066e+00
6.294596907103051642e-01
2.627264491600334040e-02
3.911378629747108704e-01
1.057226828248787331e+00
1.735231519268611855e+00
1.665427604068127732e+00
3.304877363494056475e-01
1.161585703347747689e+00
1.192030425325764309e+00
7.527421156538474101e-01
2.331222616523653812e-02
1.530238071260494603e+00
1.066529991248167164e+00
5.361912590072330786e-01
1.486769638601237453e-01
1.852421637864356541e-01
1.901682505391251166e+00
5.268672316148546031e-01
1.349222596815571329e+00
1.945211775616058070e+00
4.849700045240559199e-01
1.778196934933264917e+00
4.835661101991681754e-01
1.782290823895386289e+00
1.881841238677279815e+00
1.974035864551489272e+00
6.743919167361620559e-01
1.523841473752834297e+00
1.244254344860284967e-01
6.175428958747488650e-01
1.935422292535910138e+00
1.107219488042332500e-01
1.426928889101539255e+00
