1.401154040455015348e+00
1.735691605923923575e+00
1.744619100219094499e+00
2.024678223696141366e-01
1.509408405485726856e+00
1.853688394061706379e+00
1.176084048441525809e-01
6.003902553248239293e-01
7.476475740239965084e-01
6.903539764565911341e-01
9.689440979588197500e-01
1.981426349725694980e+00
6.488781474475957545e-01
4.127118077707723209e-01
3.917863304734754415e-01
4.368854279387828221e-01
8.921480088657141039e-01
1.566639525557844692e+00
8.962047697482913300e-01
2.988498919774280616e-01
1.415531149928471066e+00
3.008019328113551438e-01
1.223038305793539227e+00
1.093238171943871961e+00
3.847860322176455128e-01
1.078097550285690875e+00
9.277753100688683752e-01
1.117067466301559175e+00
9.072784847757153770e-02
7.357068932567094599e-01
2.558034109333373607e-02
1.828057265170436096e+00
5.245581083285935087e-01
1.701261173287287320e-01
1.281922484069268897e-01
1.523912261313944416e+00
1.830950984933722214e+00
6.736438671428914837e-01
2.094213514001483922e-01
1.373971399569724916e+00
8.489317686803867780e-01
4.461141703762123711e-01
5.803764679943945737e-01
5.224977399961296953e-01
1.128557336051703608e+00
2.046883285596656776e-01
7.435359953680626965e-01
3.780304338055673341e-02
1.172872171481595061e+00
