9.655026797794312721e-01
1.096819329390191111e+00
1.926321512176829565e-01
2.710972182774789019e-01
7.135372960722561331e-01
8.035541079425012612e-01
1.159079190227942036e+00
1.631941272785396801e+00
2.790677941161190390e-02
9.586892312004344774e-01
5.557698707825204920e-01
7.064714603168882334e-01
1.597996173895804173e+00
1.813281950877189797e+00
5.870141854706174556e-01
9.509972823170311784e-01
1.873746700682394906e+00
3.740349386217185490e-01
1.331858985444484667e+00
1.744240568704690908e+00
7.992419345749413040e-02
1.538020459721360478e+00
1.145449173953091204e+00
1.276324780768302691e+00
1.693249847083500015e-01
1.107715580349580620e+00
3.392357324790302719e-01
1.115470835564871255e+00
5.800598263565470702e-01
1.793476988396099259e+00
1.060737651553912642e+00
8.345871650547298515e-02
4.601521854000445444e-02
2.551951166118020531e-01
1.710398390108496258e+00
1.262517830924440254e+00
1.204070931050025273e+00
1.026562559670622932e+00
4.168190259849291479e-01
1.250691059336632716e+00
4.191094327247144591e-01
3.687459121229235137e-01
1.410212622900806956e+00
1.714204841993958173e+00
3.065912783736712832e-01
1.952550707923237816e+00
1.382700908680196683e+00
1.304031119906419178e-01
3.895249589678746460e-01
