9.773807284665547712e-02
6.261661471707626880e-01
1.701825673705578801e+00
9.213965082629149705e-02
7.526107636066168283e-01
4.563564104427713097e-01
8.254990223862623822e-02
1.966513491080593035e+00
6.959306768225204110e-01
3.226397229529229804e-01
1.380798161547414971e+00
1.185357219672279250e+00
5.562724744699973911e-01
2.512857932073595535e-01
1.749329571380010329e+00
1.443700276158407902e+00
9.640432918044199440e-01
1.096466942852292181e+00
1.416195389102332225e+00
2.866742673934972174e-01
1.190333342978584508e+00
1.408199288869464549e+00
6.435660179461315522e-01
4.493508189217680915e-01
1.985772800679394212e+00
9.572207819025324582e-02
2.337991502323926163e-01
1.096856208022568335e+00
1.148598471006256450e+00
4.875193432362312507e-01
6.181408126506831024e-01
1.369785600322614982e-01
5.281983559098080150e-02
1.703586290780782608e+00
8.359588653771825584e-01
1.004872040445770054e-02
8.213644321318001040e-01
3.977660675435408244e-01
1.604827409871314448e+00
1.951473470129917676e+00
1.473997739462129974e+00
1.813575511627778081e+00
4.144670885695318496e-01
6.888695733854701686e-01
7.756734527680109181e-03
9.564408318456139035e-01
6.447317805250936118e-01
1.223867510322949492e+00
3.312306287925035342e-01
