1.913534420869078101e+00
6.922652980650774168e-01
8.175353634977380324e-01
4.513915186236512334e-01
8.665101423628809307e-01
7.674679627611475929e-01
2.550273149205155576e-01
1.501774170542020226e+00
9.092192156669351988e-01
1.570978149851880445e-01
5.849378781438465680e-01
1.529314256087390689e+00
1.434877717414540843e+00
1.226613730346328701e+00
7.377531827083783078e-01
1.268148296584907797e-01
8.027154994363114859e-01
1.507686861100226761e+00
1.313153811251202008e-01
1.812955101674835756e+00
1.609788204876533069e+00
1.251545026673171357e+00
1.629449720195014439e+00
1.685013231276895063e+00
1.191264744547901877e+00
1.867542838493772894e+00
1.647269417157830595e-01
1.450124691381074804e+00
6.687516560149182610e-01
5.338770503230705344e-01
3.991019917963853914e-01
8.769377947244092475e-01
8.623208327511360238e-01
1.417891715838952571e-01
3.161340829746004388e-01
1.726357090108555870e+00
1.294519857437327559e+00
1.508533690065072097e+00
1.792953704721698571e+00
1.891738708065938468e+00
8.879483826356340259e-01
9.198900262205031986e-01
1.000107874800618912e+00
9.255948395206949897e-01
1.997382178682165943e+00
1.605518312629854449e+00
9.686543964827403208e-01
6.918072716089498364e-01
7.199343761273322428e-01
