5.240355748736913455e-01
5.980864258118234744e-01
2.141088635267371920e-01
1.569350661121171608e+00
2.104339905748342510e-01
9.274441428201032345e-01
1.431315546544261075e+00
1.350354205151419684e+00
1.921704326253963924e+00
1.974220637726157079e+00
1.816984413376204532e+00
8.280277907345672261e-01
1.947879237737163649e+00
1.511369396183480873e+00
1.230777714173673321e+00
9.835142216532681836e-01
9.922535328901576079e-01
1.074336499001148137e+00
1.604625167621857695e+00
1.040566272747897258e+00
1.969218792612953184e+00
1.285378427904886767e+00
1.661595354050637852e-01
6.765445043972988515e-01
1.614645259395245169e+00
9.171552339456510161e-01
6.886966191526360248e-01
1.562189556217502773e+00
1.423985809343338627e+00
1.398371303278334921e+00
7.576108037920739058e-01
1.066263156233862031e+00
1.827865216761162426e+00
7.141901602346076849e-01
8.543421872371279591e-01
1.144785747245273377e+00
4.951956140543849472e-01
6.210262498419027999e-01
6.805650231322970534e-01
1.277243442341865709e+00
3.620439455393733574e-01
8.988589226318062231e-01
1.134806330592473156e+00
1.502778836308920063e+00
9.302157146744978178e-01
7.859939324952156525e-01
9.802679549618558141e-01
5.257354521313217788e-02
1.166572766680490147e+00
