7.371345829970623598e-01
9.696916759544573772e-01
1.220225669834796189e+00
1.354977477359515792e+00
1.496416165068587212e+00
9.999546325995711804e-01
3.613480320653974509e-01
1.206652528686535941e+00
1.585108344851721363e+00
1.121598808292929572e+00
5.959046232447411384e-01
2.592291899522720655e-01
6.339263471381113568e-01
1.328242016419760585e+00
1.953218095763524342e+00
2.041845788191922750e-01
1.539879338063876446e-01
3.665095151341639657e-01
1.372992880098617530e+00
3.792994571684920047e-01
1.059352801604776850e+00
1.242962611496573277e+00
1.129126737426932703e+00
1.914043153252099838e+00
7.411850612435744168e-02
4.982558148345450633e-01
1.860079911655362572e+00
6.835125066373928249e-01
5.746767742887275432e-01
1.051069121801086581e+00
1.539211088333899635e+00
8.947314817946900867e-01
1.155638318709399481e+00
1.085580098367267876e+00
6.957661468753340017e-01
1.065708127254382909e+00
5.302801740709597311e-01
1.951537533312793560e+00
5.623127959031473111e-01
4.277572659476529537e-01
1.258580945255860506e-01
5.941216489984446625e-02
1.467481596386887688e+00
1.033451649013856777e+00
3.934435907273448052e-01
1.285771622052719110e+00
1.235491359468841477e+00
1.141889243235977958e+00
1.332662337556989041e+00
