1.184498303757102633e+00
1.046997958878561175e+00
8.536474183755391465e-01
1.827189178550061133e+00
1.613277867692196388e+00
1.439418539823044352e+00
1.951393988430836224e-01
9.468182851255044774e-01
8.455150412782921343e-01
1.726292636611004738e+00
1.269349358453737420e+00
1.281114476378426570e+00
6.974173124087617026e-01
1.626606797101504576e+00
7.190605961182927608e-01
8.145876311285995541e-01
1.108160477518889131e-01
1.181686476483170267e-01
6.279291390657664174e-01
1.137103039834048701e+00
1.552891687192800685e+00
1.415769285489236307e+00
6.667253287924830296e-01
3.367999235988174966e-01
1.668130330555977814e+00
1.655543870546685170e-01
3.461669614008404672e-01
2.840652012678073213e-01
4.639422881290151679e-01
1.974771172393577245e+00
1.558176004956373095e+00
1.287719701882102719e+00
1.657694919848738291e+00
1.607654982886996820e-02
3.547541553533495318e-02
1.571395915437960866e+00
6.591258670139534814e-01
9.314354882601105778e-01
1.824360960982632562e+00
1.871101835259866952e+00
6.860838013442629446e-01
1.092175849467365900e+00
3.098621199058051445e-01
8.384076636026973617e-01
1.211627220872066424e+00
8.685552489824606148e-01
1.809229240209071055e+00
1.023620182768329556e+00
1.465929266347019144e+00
