4.107127304163444848e-01
4.257000123544010250e-01
3.080668311454282104e-02
1.135916265795325231e+00
2.395919726310342668e-01
6.733816626553026374e-01
1.873453716824293735e+00
1.849830592533463491e+00
1.217545401823108886e+00
1.034479070688724800e+00
1.246873892266912254e+00
3.254817678275641057e-01
4.303295334806196415e-01
1.013414367892927714e+00
2.182758136739200161e-01
1.942634349668586058e+00
8.064348959641556291e-01
1.171627034112306731e+00
1.660340038698072451e+00
1.060112287315991608e+00
1.937962733151203931e+00
1.378492894891127918e+00
4.313175041170613788e-01
7.808155675917336502e-01
1.515535716724749182e+00
7.873961599314016624e-02
1.240490026305082427e+00
4.667410960984406110e-01
1.888864729647446783e+00
1.696528469792245808e+00
4.051995395761709418e-01
1.788837475528076926e+00
1.036013296478232260e+00
1.453773339739568904e+00
1.147563415153276534e+00
2.196667824887255094e-01
1.340125815277056098e+00
1.271207773451553891e+00
1.667568125192595563e+00
3.241515912458954318e-01
6.672812923066921975e-01
6.659481386663248514e-01
6.402248512535781977e-01
8.336590625446249625e-01
8.380056783755267524e-01
3.816302864112857129e-01
1.706215801966409096e+00
1.879090070049915795e-01
9.593484645468159933e-01
