6.987014072151209731e-02
9.442290995088979955e-01
1.604851130025690686e+00
1.466916901203810131e+00
1.560269263146764285e+00
1.168836977107789110e+00
7.223574829928249841e-01
1.795716638848549707e+00
9.506333499077608273e-01
1.689393659887633348e+00
3.297133680467183581e-01
1.389714224389380970e+00
1.317876889493728498e+00
3.747954910923168015e-02
4.573977913897189218e-01
1.623515462157526734e+00
2.463323987932986014e-02
1.621082689277653088e-02
1.631909736465921412e+00
1.715525258013458121e+00
5.564164125624131430e-01
1.442347217933600767e+00
8.271429281877384909e-02
2.182437933153869025e-01
2.757070324672650230e-02
1.370933561189151551e+00
6.121343591551928753e-01
3.114048404784153234e-02
3.159607798354002739e-01
1.391115971805935381e+00
2.686269085841925808e-01
1.938208136398151371e+00
5.176100922835997764e-01
1.330888181846270779e+00
1.354162273483766388e+00
1.747302999472662322e+00
1.533996465172263957e+00
2.650963730694595455e-01
1.322670071566802719e-01
9.747265608832051953e-01
1.498906349403092086e+00
1.283226471521983214e+00
1.359568087480985898e+00
1.001806842647341877e+00
1.885466721914291988e+00
8.776825568264223776e-02
5.821593987458837383e-01
1.520985664613565103e+00
8.343220979032111018e-01
