7.473332337724278851e-01
1.777607081367615027e+00
1.683215360123299753e+00
1.267428123042405819e+00
1.575357928313292355e+00
1.755939356646147864e-01
7.647635647791544145e-01
1.413258477487592923e+00
9.325614619056699084e-02
1.652001912985606502e+00
1.453693044018708580e+00
1.052021614484195844e+00
1.894895151056881666e+00
1.121045098138159890e+00
1.257224151211782992e+00
5.124293382574216515e-01
2.452040439850415865e-01
1.558163441430756357e+00
1.768077892223848036e+00
1.251978165844250590e+00
1.087775317291388433e+00
9.920170756337332030e-01
1.754163464060125577e+00
1.947414607757944616e+00
1.200506035241338587e+00
8.813614161763605459e-01
1.451004954418553705e+00
1.361796278300438701e+00
1.821809288804084659e+00
1.482927412850196802e+00
2.430490569999950168e-01
1.146485830100642644e+00
9.461208720835658781e-01
6.642018935747855402e-01
1.512996208779707530e+00
6.749476513936367716e-01
6.041504634126955153e-01
1.956295446426889129e+00
9.673923898006724365e-01
1.254731177528127795e-01
1.370140867854496847e-02
1.492542653179160350e+00
1.242723716155621716e+00
1.069192800238516483e+00
1.747229027068800011e+00
8.340487722876579468e-01
5.495414700711580558e-01
1.847864472784261913e-01
1.258676259788340079e+00
