4.219644435623104428e-02
4.691426214336580358e-02
1.282467016908722446e+00
1.100649425756617283e+00
1.389558258990937212e+00
1.883803982053833259e+00
1.209287657340691435e+00
1.540152130970624533e-01
7.712626670204993928e-01
7.480885120268832011e-02
1.320728504380133561e+00
1.128783430968351542e+00
1.500541812530185926e+00
1.994738756865872098e+00
1.983922555003024168e+00
4.508355508028394354e-02
6.035702886490468266e-01
9.742214733222684941e-01
5.251061941870212024e-01
6.078473394796022333e-01
2.365680491727637502e-01
2.053284199035418922e-01
4.889073660355669482e-01
8.414783620872618997e-01
8.026093015171271716e-01
1.695972407892165634e-02
1.789104984627265083e+00
1.896385961877588233e+00
6.812111774448008639e-01
1.416612446995404007e+00
3.791634857981667217e-01
1.189350753548538364e+00
1.430329206527780173e+00
6.219120953212207148e-01
1.239461157631123189e+00
1.642388728420768551e+00
1.148247404527801052e+00
2.693485458989823833e-01
1.315340585823475905e+00
2.259691758086344038e-01
1.387064908996142876e+00
1.860013611242678611e+00
1.973544916941711858e+00
1.435295079125529227e+00
3.150467444742557355e-01
2.047392498282341045e-01
4.628474273453129229e-01
8.766982316499474237e-01
1.483031400487505369e+00
