1.208455312140019888e+00
1.615812015402808832e+00
3.491959240375068774e-01
2.852692125013165381e-01
1.214609943539876724e+00
1.135899065837022714e+00
1.655602572779212078e+00
8.542997762374637816e-01
9.794629512648529435e-01
2.103250568218655303e-01
5.470759892753958020e-01
1.325008742444139465e+00
1.836678585263438634e+00
3.973647144793948094e-01
1.802960745414112331e+00
1.010543046895068464e+00
3.757740830659668241e-01
1.262396817624551026e+00
8.574038086215769461e-01
6.452206970780394180e-01
6.321218310098561943e-01
5.881377289681766207e-01
7.593161288811733911e-02
1.659551169806435578e+00
6.719326807953818204e-01
1.051925737125070537e+00
1.898268613878449251e+00
1.576605429702212291e+00
1.887368440690052829e+00
3.547788500264292821e-02
7.589208410361161228e-01
1.248687111634379399e+00
7.549524988146552040e-01
1.302334401358034466e+00
1.137303891021542057e+00
1.019558045919737754e+00
9.574329560895598057e-01
3.089004352436095502e-01
1.593294271738277423e+00
1.997932139330207413e+00
1.089404268746227977e-01
6.669693044268325544e-01
1.002961852106417417e+00
1.469054227163787640e+00
7.835580332635241341e-01
1.946044235659173172e+00
7.380930316460476703e-02
1.281308062593872865e+00
1.614565073372827175e+00
