1.852503786763365579e+00
1.231286887433579835e+00
8.868464277353491632e-01
1.489438796493622874e+00
1.028987634953538510e+00
1.852638560671616919e+00
1.591972588728927995e+00
1.164413005097205911e+00
1.898980140663966587e+00
1.549702490083530559e+00
1.221144847348297979e+00
1.926466956981362166e+00
8.548963858970166640e-01
1.800649423826277573e+00
8.849936630356554090e-01
1.907993633934273348e+00
1.858821483743183123e+00
6.220014297447415963e-01
7.881260067980111472e-01
3.662295896613216861e-01
8.937531003471712587e-01
2.001645427869038762e-01
9.783437772429959267e-01
1.718335669984603964e+00
1.769911688023551477e+00
8.465600439387666043e-02
6.520656378019302757e-01
2.338040367658447138e-01
1.625352869083791063e+00
1.878190801607045657e+00
3.981206769778466992e-02
1.172097808526230356e+00
5.152512586185054033e-01
1.200091822311288414e+00
1.211818006599344688e+00
1.575033375352158593e+00
6.923607962874536170e-01
1.972129177388111110e-01
4.878036745072060754e-01
1.435717406067784196e+00
1.944424484859797353e+00
8.082841612035496226e-02
1.686449140808169656e+00
6.158511469046952236e-01
1.676535401592138541e+00
1.825215729956449540e+00
3.901186136332457366e-02
7.410069192615598155e-01
1.451554251717679378e-02
