4.454843328759716670e-02
1.199266011993125325e-01
1.150694300164763373e+00
3.121298788943960290e-05
5.809942610043208333e-01
1.009816819435333191e+00
9.384963152532117547e-01
1.671414110864914981e+00
4.786477095977779150e-01
8.669061955470311887e-01
6.212670860495972391e-01
1.292408374607338040e+00
1.977439542072853662e+00
1.991000266077302516e+00
9.605385408044337936e-01
1.640374992435514212e+00
1.994522778964745058e+00
1.491777805081416108e+00
3.886662571749135431e-01
6.786814759709858258e-01
1.845835349087034061e+00
2.266638890768390979e-01
2.245326091245587463e-01
5.782723539132028634e-02
1.971901010756508921e+00
1.729837360259774748e+00
1.008131606801861313e+00
1.327727208295529593e+00
6.746338215783134196e-01
3.480780127192453222e-01
1.603719457977692553e+00
7.716084453949392241e-01
9.071224439759029146e-01
2.397109740742955353e-01
2.221455107200642765e-01
6.704748761333263474e-01
1.910302363168506545e+00
1.581638205926571672e+00
3.420164072457412274e-01
4.559881352133134946e-01
1.400838184583154344e+00
8.548794836457398461e-01
1.117565438077379625e+00
1.739324256639096511e+00
1.600659336958010659e+00
3.293414997994927873e-01
1.962529676964192671e+00
1.782162801069770097e+00
1.321733416689101492e+00
