1.861489156175229809e+00
1.331021269007548469e-02
8.688316233464674632e-01
1.800016321067955172e+00
7.323295184940117331e-01
1.078261016668002448e+00
1.564196984332919538e+00
4.085854330205185292e-02
1.304926311514526205e+00
1.343920283382744607e+00
1.654570797176809549e+00
1.137568637905415958e+00
1.458861707581273315e+00
1.838604393805934212e+00
1.556570965014936636e+00
1.010908613026308966e+00
1.002998019337840052e+00
1.392793113576497266e+00
8.247217882596000749e-01
7.622106765144911478e-01
1.354003231404371732e+00
1.716780712988709379e+00
1.502654608869025132e-01
1.204387387612015914e-01
1.510266770950283721e+00
1.852614604159311451e+00
1.242823079667382036e+00
3.090909692281829102e-01
7.479191122028105987e-01
3.388579690573694236e-01
1.185056632000320409e+00
8.348076758927378549e-01
1.603037881964833655e+00
3.207603500572875355e-01
1.615863723803301788e+00
1.170603737672162747e+00
1.791705778178335429e+00
1.094486737189582559e+00
7.518007104171129384e-01
1.849491619990035751e+00
1.503644785125014316e+00
3.536782850394395439e-01
1.787229288609264888e+00
1.001637048339039548e+00
6.382012422759908432e-02
1.360895507998436837e+00
2.415078522070017719e-01
1.420412639620242778e+00
1.799136333832290990e+00
