7.101149897094245489e-01
6.121394986432893148e-01
1.499435179396853446e+00
6.299489178118249377e-01
8.334304436165043128e-01
1.124819747910352774e-01
6.978720794715047582e-01
3.104669252098064547e-01
5.775440758656400497e-01
1.603079758635330698e-01
7.166807362139242521e-01
9.641075130374217039e-01
1.585446761831349693e+00
1.419091238506437147e+00
5.580990999188113477e-01
1.428984471194385986e+00
1.707085461421328887e+00
2.076687507140961841e-02
4.924758519208980445e-01
1.707704002654264919e+00
1.784303789448984823e+00
8.250265078242846606e-01
1.122901415303676931e+00
2.275001070528217539e-01
8.683997714432662995e-01
9.208589858930626981e-01
7.859086080705197652e-01
8.604873540556376987e-01
8.273928316499556956e-02
1.114272001350306684e+00
1.167713130772069174e+00
1.158081238211782438e+00
1.786591058590773162e+00
1.750381755688353191e+00
1.089101792538016422e+00
1.950189294001616780e+00
2.285666166099549201e-01
4.185881672230804540e-01
9.512798573733816099e-01
6.961603579035013922e-02
1.716001817937360840e+00
7.530750345120096334e-01
4.905001310443029006e-01
9.083457212385814827e-02
1.950699215050951896e+00
1.171366289309144548e+00
8.464081640943703633e-01
3.968108143543780386e-02
5.386087828478918205e-01
