1.799317078514920620e+00
1.767587475895128435e+00
2.975006074807868828e-01
1.675888125500796022e+00
6.402495424575751493e-01
9.882734311672733973e-01
2.101536267344128461e-01
1.250468134092639350e+00
3.535764698617693824e-01
1.538996011731076141e+00
6.060686539667399231e-01
1.691901758915109077e+00
1.306499240967440301e+00
3.333336206438710647e-01
1.094936109192423235e+00
1.661844763080946308e-01
1.355214986531842580e+00
1.288893778310742366e+00
8.066283328206238501e-01
1.773515441025542483e+00
1.281848132746518321e+00
4.309156194348093827e-01
1.601606160705215220e+00
2.515788862821941585e-01
1.547567613364853489e+00
4.216116109476426566e-01
1.445793744529933811e+00
1.495609991489176505e+00
1.496961198080272393e+00
1.587904502855294719e+00
1.924618948524172701e-01
1.703040339196247199e+00
3.537981328699442152e-01
1.366190572498908296e+00
1.386945621713117305e+00
1.188079978499541056e-01
1.160922924734171691e+00
5.721136686944090499e-01
5.107326677504797630e-02
7.828672605095872150e-01
6.492524130772476809e-01
1.955421718203617765e+00
1.491988028985060222e+00
1.873202493406131985e+00
1.406133135681701951e-01
9.976443566024881804e-01
6.466871020580193807e-01
5.465945571438930450e-01
1.003262852339529054e+00
