2.414851989512789565e-01
1.228475397474792175e+00
1.688634965176019964e+00
2.455433326610938494e-01
1.438999943886300592e+00
1.075261642276623242e+00
7.280972302656518735e-02
1.619784192159376968e+00
1.926722632078638142e+00
1.611075724975366441e+00
3.919400504616414871e-01
1.470484112146914324e+00
9.938147607885952084e-01
1.042243587139325189e+00
1.282967644730243606e+00
5.719569657824776776e-01
6.735694121708819537e-01
2.225446522408773831e-01
6.586212180174482178e-01
1.638228017808996739e+00
1.126264727096062401e-01
5.028248098695176083e-02
1.524132334638273356e+00
1.858571578632618237e+00
1.795450157218783094e+00
1.964676363782849933e+00
1.183865485934881168e+00
3.224771453097301510e-01
1.088132401168673269e-02
1.817859647890434083e+00
1.543838749035212121e+00
1.026942823960423024e+00
1.213945922783744358e+00
9.625420325343134742e-01
6.882653293097433789e-01
3.438568424774910426e-01
1.610641223024190882e+00
7.373471149534793767e-02
8.510258653228333081e-01
1.079623529939399251e+00
1.092437609020139089e+00
1.943934799023131710e+00
9.590543639092370398e-01
1.902464841302158316e+00
1.183306939015475567e+00
1.662705697449949671e+00
1.461817985077963122e+00
8.939335927782114943e-01
1.830229744462156027e+00
2.147237245181985443e-01
1.199890453579810945e+00
6.471018484281447769e-01
7.269423077187231463e-01
9.627071320102951191e-01
4.741160639732422410e-02
1.313731939524310555e+00
1.223121712160622820e+00
1.118073597407922115e+00
