1.134921705077402976e+00
5.973905979487450502e-01
1.247240758952115947e+00
1.060034886801931364e+00
1.535420661285846311e+00
1.298622066691606847e+00
1.369055078669803027e+00
8.777059664920550119e-02
3.645443191880217704e-01
5.849434825941211002e-01
5.241413692957679338e-01
2.268713389960050897e-01
5.778492221966367026e-01
1.898529910883819838e+00
9.354470694778682649e-01
1.792760507531626857e+00
6.176247541373207639e-01
1.152048609532725365e+00
1.666428652257005094e+00
1.959853988332463270e+00
1.399488500284835180e+00
1.221186404997043340e+00
1.149643823810761578e+00
6.844382898218484002e-01
3.732775004607589153e-01
1.819561501653081059e+00
1.139837966980463690e-01
1.688313590556831834e+00
1.515583928463213326e+00
1.259228302379637565e+00
1.095816464795747347e+00
1.714785950184743335e+00
1.391338920788864009e+00
1.213731378149801365e+00
5.942987470832070684e-01
1.205086038229126189e-01
1.931890641959157495e+00
1.245691653050000181e+00
1.358205705252223172e+00
1.018924916763586097e-01
3.946196066534750635e-01
1.899997391022270943e+00
4.390490019678816580e-01
1.804903727662339641e+00
8.851157137605292213e-01
6.838977393751797251e-01
4.918248411314438684e-01
2.032931666658965852e-01
1.059529269701906973e+00
1.584974353432030636e+00
2.009951322330669754e-01
1.039100554009308119e+00
3.342032127703014055e-01
1.319970854844184860e+00
1.206172552581254109e+00
8.174129101098310812e-01
3.879760965456395816e-01
9.903547820137696966e-01
