5.442123325755909846e-01
1.401495157808454461e+00
1.800837130937034125e+00
4.416369914783038197e-01
1.794828095413729674e+00
1.608162982294756738e+00
1.485586385662279074e+00
1.457987540446284758e+00
3.964699504883202330e-01
1.362402694057275099e+00
6.390027456051865506e-01
1.806174102222773303e+00
5.652918438294314285e-01
1.854885470627941846e+00
3.159575733129629249e-01
1.936057510326766096e+00
6.992480829889089478e-01
3.794431153323047923e-01
1.836683853075223638e+00
5.374686092515985614e-01
1.309844539022833487e+00
7.917510362611102082e-01
1.238729483925652630e+00
7.613631893401655581e-01
5.944386746281833389e-01
3.520973570930019392e-01
4.969708939161314731e-01
3.047031831404818369e-01
1.829968830226142096e+00
1.389936692280859365e+00
1.733917691922755910e+00
1.272421599919312918e+00
1.405753321945481638e+00
1.953274443755693035e+00
1.442512397767545806e+00
5.509285223327551329e-01
1.218872857637683715e+00
4.624219760006673674e-01
1.221689894384130337e+00
1.478820536676372921e+00
3.790714931757102057e-01
4.986934827811033699e-01
1.584325976951201476e+00
1.759943217501529489e+00
2.005860793194367275e-01
3.831300135334059220e-02
1.294642520178352907e+00
1.991881753267557009e+00
2.166584336408337030e-01
8.334237699690332235e-01
8.159367577406744232e-01
1.472601418007914997e+00
1.244927989955849856e+00
6.223319148425368041e-01
7.326366408498836691e-01
2.530020828922854292e-01
1.214262670567519020e+00
1.941791371757090268e+00
