1.041125730844439712e+00
2.716045647819331776e-02
4.531055233827454565e-01
9.232253079571335341e-01
4.812793334435703230e-01
5.083230469880866131e-01
8.301839568694733273e-01
7.108656874589902586e-02
1.598790853085383823e+00
1.508507322361241076e+00
9.218480408859166531e-01
7.859250587726407389e-01
1.897045058617904179e+00
1.716250068574076693e-02
7.104228198363990998e-01
1.278203026136143006e+00
4.699355156347437834e-01
7.567212217191645607e-01
3.992220095462148954e-01
7.227556159173165184e-01
1.063096045988939142e+00
1.706981520097986760e+00
1.818724385157565404e+00
2.447072832221279803e-01
2.596049877529438277e-02
1.882335724066175331e-02
3.825104503078531337e-01
1.553070400035414966e+00
1.095763330156499737e+00
7.312227740206767024e-01
3.703116708098308507e-01
5.074840064682653029e-01
1.103446194975193695e+00
1.670975337134746663e+00
5.888111901645096680e-01
5.471005832810158509e-01
1.785600521317559863e+00
1.754308408714679857e+00
7.481503544339962453e-01
9.680929567224483279e-01
6.954995132237979938e-01
4.786674779635893273e-01
3.264932668434439300e-01
1.571388023632618758e+00
4.804299935421134649e-01
1.022765185671107524e+00
1.654759276040248750e+00
1.834258746484327407e+00
1.031615474878200267e-01
2.071942456978748126e-01
6.613967310196144922e-01
1.621041298892018645e+00
9.197244683186958092e-01
2.732152176781545982e-01
5.308226079839495348e-01
1.042475754126228615e-01
2.984322292169849788e-01
6.949627352879561570e-02
