1.275587066396535629e+00
1.297947213173518577e+00
1.546801240162992919e+00
1.055949460089406156e+00
1.283363342357051629e+00
3.878564876389822835e-01
7.284218365495149783e-01
1.328856539949469617e+00
9.496803271049141237e-01
1.828954734056767784e+00
1.103285837928390301e+00
6.451298795236386496e-01
5.621703257983896584e-01
1.415572094065676190e+00
1.519484703103293199e+00
1.179500047022206122e+00
9.399037197404886967e-01
6.682319636448927902e-01
8.646537959371554116e-01
4.030991258293372681e-01
1.562896658364294922e+00
1.909001033900239896e+00
1.678917726753804462e+00
9.415514889326916936e-01
2.242350362997100888e-01
7.220988191499961850e-01
4.269619946045652981e-01
6.847810520400448020e-01
5.950345978558155835e-01
1.763968278273337909e-01
5.645157258580333348e-01
9.640275361291359424e-01
1.027906275884225895e+00
1.413897221977127749e+00
1.717407391826648588e+00
1.070590113676296973e+00
1.401268066677601620e+00
1.380919266375514098e+00
1.540606462138512267e+00
5.439055722285246475e-02
1.920781184002806619e+00
5.278996302642195992e-01
1.345849954939747573e+00
1.102048726302178316e-01
9.695355720263711952e-01
1.290158850034326843e+00
1.248549426452047140e+00
3.201189313263079761e-01
7.704646790885640861e-01
7.698863446757400197e-01
1.996493943792180037e+00
1.179942362425589586e+00
1.625083562825504924e+00
6.951140147814647285e-01
1.953973969709438485e+00
1.878900457984956862e+00
3.499508904703572121e-01
3.243223498515375169e-01
