1.687957762826556518e+00
1.372454869727781634e-01
1.048483569657256975e+00
3.200112009490148068e-01
5.058254140831377477e-01
1.381598005034227583e+00
1.152666814779993665e+00
1.910926149342788261e+00
1.451375946468907774e+00
1.207004646956173488e-01
1.577856652782749336e+00
1.182808165717541993e+00
1.114650315104792178e+00
1.091718236510187179e+00
1.780140464033090453e+00
1.623752470681500082e+00
1.214448356082124203e+00
7.300362297719180660e-01
1.012407551723444321e+00
2.096765873339268005e-01
4.355998280545878565e-01
2.768558677179306926e-01
1.180832404085161436e+00
8.476476808637323224e-01
1.431187237091568587e+00
8.124152761538860901e-02
2.302757012998521979e-01
1.274160748775314378e+00
5.091500421230650275e-01
8.876358514637487929e-01
1.600919085911125528e-01
5.724896626934237176e-01
1.065752563655145480e+00
1.962888858945715853e+00
6.971254762420922013e-01
7.355998814893927040e-01
1.744295548572423193e-01
1.899677916411622203e+00
1.289938196733618980e+00
6.124369626723504823e-01
1.966641538875004702e+00
1.762779057964726004e+00
1.829552935090842158e+00
1.472546566296944359e+00
1.805099033684073095e+00
7.882165546440544901e-01
1.335212224031047779e+00
1.839302099753761688e+00
1.191993394085388847e+00
8.663207919938331614e-02
9.534774238466048324e-01
1.113218588372942630e+00
2.958986102449214783e-01
2.017210081289650958e-01
3.581126225656916517e-01
6.557287596226046844e-02
6.053815629929468756e-01
7.082915543495502675e-01
