9.616385881089071219e-01
1.876980433037677365e+00
1.468714627001524331e+00
2.865999770947369463e-01
1.434016689031208713e+00
1.405176154507577824e+00
1.386389687160148654e+00
1.777799668317411541e+00
1.798614722119074028e+00
1.515592643858728383e+00
1.434353767061724128e+00
1.370980206206867003e+00
3.061597559100857069e-01
1.943604119341944880e+00
1.063722871581164409e+00
2.168142783500157655e-01
7.770193433540102390e-01
3.312480811763842681e-01
1.148978968752543128e+00
1.794951605658756222e+00
1.691395449408539697e+00
7.347339485804180725e-01
1.227728363018851354e+00
1.302239024182080929e+00
1.543177734362083608e+00
3.961188640440393982e-02
9.556000724432331950e-01
1.811810549828242412e+00
1.936939291543409158e+00
1.641683069850596866e+00
9.406100673050303840e-01
4.468961629191681162e-01
9.520053092403970574e-01
1.064311693438544371e+00
1.838711514455169560e+00
1.796337022514959969e-01
1.009384542565388010e+00
1.921628302586908976e+00
6.209059594636618939e-01
1.037292092514442210e+00
1.184672479681628587e+00
9.673752851712222878e-01
6.530143358734168402e-01
6.051534630887136501e-01
1.524916310400474373e+00
1.074079947677645031e+00
1.124250787736905455e+00
1.001576851389798684e+00
1.571525478976445456e-01
1.901674045528980450e+00
1.957953316873770611e-01
8.716113557748772500e-01
1.943991756431206142e+00
1.690217360698663462e+00
7.044382848339720837e-01
1.307596731135777013e+00
9.594178505641592913e-01
2.954901075339533278e-02
