1.152273439691126278e+00
1.538537761897957878e-01
3.723834338611706762e-01
9.198010568234864515e-01
1.303549719729763634e+00
1.833696777973107483e+00
8.418656464182343591e-01
9.675605020457580530e-01
1.658509969871220679e+00
3.418817693974744998e-01
1.515289079405900630e+00
1.169077895188539440e+00
1.403585854310483327e+00
6.005963166949253029e-01
5.335435704320428130e-01
1.950823314554515964e+00
1.862404798807161921e+00
1.306969271939679267e+00
1.940301630148699275e+00
1.480290052246154175e+00
8.831974886157869520e-01
1.903675366781275358e+00
1.121015243963049635e+00
1.517600650608638357e+00
9.841977938395118919e-01
1.341972194914192951e+00
1.043422604120068264e+00
3.640850734003246991e-01
8.339426462236101401e-01
6.437435177307118117e-01
4.182653513458896022e-01
9.516884774243834499e-01
1.728788293023218792e+00
1.079803866620929309e+00
5.417619581491153191e-01
1.093986291735404404e+00
9.778105457282353363e-01
1.315009817306936668e+00
4.283639905448475282e-01
1.492430664516791072e+00
1.616811165040601406e+00
1.283273646112245370e+00
5.218486283190788555e-01
1.850428848480529354e+00
1.329741671552092885e+00
1.285326898183126509e+00
5.235636298567309943e-01
1.048049845224234833e+00
9.144953730520084534e-01
7.987543960073266724e-01
1.770370363962648241e+00
1.041041537244890236e+00
1.820234192394458272e+00
9.259630334655213346e-01
1.268842423156780974e+00
7.422960629479793404e-01
1.620368749017789156e+00
3.803219362953793592e-01
