6.431990715666540126e-01
1.136349013604421643e+00
1.337502594296805736e+00
1.683263026439020482e+00
5.875446135848361173e-01
1.453310524725357933e+00
5.049127404893396509e-01
9.745970256704614698e-01
1.158135679587818601e+00
1.987869495329026570e+00
6.830754584292231257e-01
1.292953752997532568e+00
8.972966973067766361e-01
1.744107671560111150e-01
1.837912195918317337e+00
7.123670672222690570e-01
8.565378994980092919e-01
5.407710714247357942e-01
1.365995259228426129e+00
7.810469162717965652e-01
1.294515056113509477e+00
3.579061112468444605e-01
1.891045887786976909e+00
5.564780858007152275e-01
1.216887473091439187e+00
6.775059916635806090e-01
5.604419988827267218e-01
1.347479618086486752e-01
1.726682447002195531e+00
1.835559076567268022e+00
3.035404047930168048e-02
6.422869787832419242e-01
9.014217067945242690e-01
1.691648650422703515e+00
3.985978093125539523e-01
2.885634864856574389e-01
1.049932908362972483e+00
4.417685638288237904e-01
1.609486971750006212e+00
1.151956280327669724e+00
1.009886470422513671e+00
1.419681101020342506e+00
6.197665250905233236e-01
7.048729646221745249e-01
1.460173837393053731e+00
1.705502993450482840e+00
1.988428675252224220e+00
1.050406965217173916e+00
7.914396833133023890e-01
6.299925261955650058e-01
1.096296333274265677e+00
2.378196244920158797e-01
1.847916443309048695e+00
1.621991639179123368e-01
1.046920244128693778e+00
9.927135588286484236e-02
1.412688552814511667e-02
9.325821482356775327e-01
