1.838370712519406425e+00
1.636046475695708047e+00
1.455098193049233934e+00
7.939598752424568140e-01
1.927023394936773215e+00
1.910809605059823113e+00
4.026769578330129384e-01
1.031892069764651421e+00
5.228808151123165437e-01
4.543466569002827526e-01
9.132319212764556937e-01
1.705399547951847783e+00
1.237232530529941421e-01
1.414463786767483633e+00
4.099874741520901367e-01
1.188723005980673264e+00
1.117517251804165390e+00
6.101517447270761174e-01
1.935111726286391054e+00
2.953940693741854417e-01
1.077906483748857891e+00
1.960168809916752242e+00
1.338059016997611650e+00
3.817915002850202910e-01
3.606006362315676839e-01
4.796041180579413421e-02
2.180109670273249201e-01
3.060140596716509620e-02
1.740789550177031852e+00
1.641062933411870262e+00
1.438368745355990352e+00
8.945271780858279342e-01
9.344392231906955004e-01
1.635262179702299257e+00
1.819119979248424723e+00
8.822921819007323307e-02
9.121395698093155424e-01
1.219967979347581277e+00
1.687701747275162312e+00
8.437302871595826481e-01
1.038317304120321971e-01
1.111438500251112238e+00
1.894486313163412650e+00
6.790367540758488474e-01
5.717723720780840679e-01
1.145115908627776236e+00
7.225508393550570396e-01
7.274860042185511411e-01
5.049920142128718759e-01
5.825727713851427403e-01
1.790057554057652656e+00
3.937728187021818371e-01
1.770902998870151901e+00
1.846614113411058078e-01
7.888169373782178972e-01
1.018135430093933813e+00
3.807105576328919661e-01
3.339934770623651517e-01
