9.440491007002500545e-01
7.942374451120293166e-01
6.263170516995892889e-01
4.345625174683531711e-01
1.338238841972039239e-03
1.040369366984658761e+00
1.354136593836082536e+00
6.287523258283673755e-01
4.367179376504299881e-01
7.817004669029672392e-01
1.545796866665315683e+00
1.399398648839409898e+00
9.205922656861464937e-01
9.716764536087225679e-01
1.711169556219782617e+00
1.015714876797245481e+00
8.443535712731020659e-01
1.011691285132269691e+00
5.541887679589376781e-01
8.631275379637903811e-01
4.689936164099353100e-01
6.452679083986359032e-01
1.394970007531062706e+00
1.550350108287495754e+00
2.019967830976496792e-01
7.554814262073348274e-01
1.563396078467838901e+00
7.000645163251162373e-02
1.103251385915006377e+00
6.359874081099619048e-01
7.466106204633913279e-01
1.376831259495905790e+00
2.492711181934552656e-01
1.960706723998914214e+00
9.981982974148837506e-01
2.706691248944679273e-01
1.220987284406372275e+00
1.572463394814902493e-01
1.313335479740337597e+00
4.909421218200460402e-02
1.181875930272065833e+00
2.654929213408143696e-01
1.508802538762637369e+00
1.299204826972553573e+00
2.599997878536104423e-01
1.298273704826415909e+00
1.883475430095004732e+00
4.923316524998870847e-01
5.092293499146358648e-01
1.745075180408125259e+00
7.648809309609960749e-01
8.836909670983144061e-01
1.373040489664792307e+00
1.443312192074293954e+00
1.996793395493162038e+00
1.301891405055335404e-01
1.307240433652100631e+00
1.481606390201280377e+00
