7.905932034212659332e-01
9.470555543482959138e-01
1.505888187577197890e+00
1.899677232339781696e+00
1.015048020304640808e+00
8.973035432201710293e-01
9.876433523696044325e-01
9.260933791838765750e-01
1.147148844614537477e+00
8.598574219110028949e-01
5.211135484073250446e-01
1.241016031456161350e-01
1.174300647903439021e-01
6.162986695402650206e-01
4.803996610178016269e-01
8.914079204647560317e-01
3.363506202685528912e-01
1.476192106238038981e+00
1.151463030506438834e-01
1.873914190149847059e+00
7.863623933359229490e-01
1.945694985693881662e+00
8.212816132744027442e-02
1.735069917013324137e+00
1.369700923463550879e+00
4.145752747684201545e-01
4.483074711190813133e-01
1.996925275665796917e+00
1.677758948109746129e+00
1.454269090059740144e+00
1.663283009299907800e+00
3.699620184474059492e-01
7.091914350881522999e-01
1.287371771285352740e+00
2.033273108396427276e-02
2.186341195625578493e-01
1.367349554564891712e+00
1.023913321019731537e+00
1.855826491649234633e+00
6.438700326220159198e-02
7.760045835524809199e-01
8.457692150410149878e-01
1.344160412604322730e-01
1.525621369372259117e+00
5.771318359683266230e-01
1.606011282277435281e+00
4.480882102752983265e-01
1.872435443425994439e+00
1.663965842095398884e+00
1.571225489544632037e+00
1.364998333584471535e+00
2.502277729592030653e-01
1.786572789574626619e+00
1.598046769425830238e+00
1.596803277254927877e+00
1.305774005679193106e+00
1.381934608935439179e+00
1.193921947535532269e+00
