3.430296267878780725e-01
3.831641578476232546e-01
1.494171385749605285e-01
1.532455264498001402e+00
9.422246722819638265e-02
1.033576874532332379e+00
1.905726863429515916e+00
3.014620176905333793e-01
1.704286366411108755e+00
1.914263513144118800e+00
1.515153496202221284e+00
1.127582762898230673e+00
4.501837758307889459e-01
2.944011236825789801e-01
1.192736915972754996e+00
8.249602982113422023e-01
2.725357420726757240e-01
7.457072222930580807e-01
6.614647353357741011e-01
1.317989291453649514e-01
1.715481424094997820e+00
8.361610864788469044e-01
1.589230387423088864e+00
8.088870728339703220e-01
1.796343616696323142e+00
8.321076347589451139e-01
1.299983098797720338e+00
1.525681683962818891e+00
1.104432453697554717e+00
1.351415689658879593e+00
8.762507252296010130e-01
1.175524177294046346e+00
7.597902504115578992e-01
7.108049616203060417e-01
8.423697102939322612e-01
1.305624397232359346e+00
1.170000597294986733e+00
3.682498345857472266e-01
4.563420638223369963e-01
8.660357684986541571e-02
1.578636923305694495e+00
5.012794088435024165e-01
9.194302887074643493e-01
1.718952384998141625e+00
1.021954677041336801e+00
5.317409771884529235e-02
1.586500919729624481e+00
1.464811214631991820e+00
1.523004590474552167e+00
9.312449896639889424e-01
1.172462025133278019e+00
1.497018638490920317e+00
1.700471778259691202e+00
6.939515581109878539e-01
1.919337548439088881e+00
1.392249203885160824e-01
2.405396235733618937e-01
7.163700759577733557e-01
