9.139439377597038394e-01
1.572692902367435863e+00
1.280206693760919112e+00
1.816380762827326301e+00
1.143418187287830179e+00
8.517927620058429738e-03
1.918640705254414325e+00
9.397299327917290057e-01
9.747469023066752669e-01
1.278195739758135829e+00
1.934436685853254012e+00
8.275452602005195502e-02
8.200305395350260262e-01
4.837442074659330515e-01
5.535717266705408868e-01
1.872249149225654996e+00
1.561868820066253161e+00
1.108473551348831965e+00
1.906314427880661633e+00
1.644109354825285418e+00
1.154221701640130604e+00
1.606852917372947331e-03
1.744318365134287507e+00
1.447612160066840570e+00
6.284150559927756952e-01
9.150004163682248226e-01
3.158729985773440774e-01
1.008660063789066363e-01
1.145906916782899465e+00
2.170720550961844353e-01
1.330126747906683615e+00
1.801927507401905881e+00
1.507574158166387512e+00
1.048789524375940641e+00
1.617908049430192730e+00
9.083987148500662911e-01
3.260978983830309375e-01
5.433896118027408129e-01
5.646508169856145898e-01
3.942460450110409909e-01
1.605612999072584923e+00
1.983739184055133720e+00
1.412675885567069578e+00
1.116354212182684602e+00
1.296775761241493630e+00
1.010714954504011054e+00
5.075024366710301216e-01
7.190553209332026796e-01
1.116848956084885103e+00
9.698704366043253700e-02
3.934432181291329655e-01
3.600872402085912860e-01
4.563441419179188330e-01
1.276691149285758442e+00
1.170540541827064462e+00
1.430826511783982902e+00
7.002815893860696583e-01
5.765325723237215705e-01
