1.440918737572074892e+00
2.817415155044677988e-01
1.573501047205318137e+00
1.913313393527495965e+00
9.073618421037732418e-02
1.817897265283709984e+00
1.332670933418223402e+00
1.811577127144569310e+00
1.103543439601688103e+00
1.629471235863222400e+00
1.800010586208677488e+00
1.290008246064950903e+00
9.202690586926518534e-01
1.878271011679793379e+00
6.636640507309414794e-01
6.777849293577107304e-01
1.712533551138828880e+00
1.658749195608034910e+00
1.094849230625657199e+00
1.838096287418563790e+00
5.802611952566096853e-01
1.760269536373587851e+00
2.429122083724948311e-01
1.947792451592978757e+00
1.544525716778479385e+00
1.232784220840848377e+00
1.286232733998208477e+00
5.232470934802315732e-01
4.382703800090683721e-01
8.147892230313682482e-01
2.878383680054739102e-01
1.403710626723518651e+00
1.126457198255543801e+00
1.393629142832729872e+00
6.330910779934586508e-01
1.260525010274150759e+00
2.488657612510758455e-02
3.494314322622331659e-01
1.626210719107537450e+00
5.494743531741494991e-01
3.765702603384735170e-01
2.091929267105241408e-02
1.625157332815984734e+00
1.777888941649323762e+00
9.401352304037899899e-01
4.487644573031457362e-01
8.513823166141727405e-01
9.048974868772807767e-01
1.651760590192144829e+00
1.400078542217636723e+00
1.190468840242515647e-01
1.783510322957753580e+00
7.616870753154580953e-02
5.876956814532086071e-01
8.679714414774828413e-01
3.812763962530021367e-01
3.451689899776573256e-01
6.011317583697461941e-02
