6.454244775804434120e-01
1.399910568960140544e+00
1.114747600179311515e+00
7.970311886871970231e-01
1.534341013854008118e+00
6.018000265514311664e-02
1.629427605193604300e+00
1.685430243988672583e+00
1.451861416301598595e+00
1.775303847625349096e+00
1.396933737779185503e+00
1.780735758937571855e+00
1.608447400842223374e-01
5.603813317560182305e-01
1.968612673776993560e+00
4.051442826623503635e-01
1.626596879455668443e+00
1.139221921676315752e+00
5.827628696154847354e-01
2.124371483798466187e-01
1.879196346342868029e+00
5.757087684318809018e-01
1.402624131761778692e+00
8.325955920031500312e-01
6.378856704081581341e-02
1.289218066636345306e+00
1.409972370345293324e+00
1.027384416156816638e+00
9.116203274313230409e-01
1.529654682421251355e+00
8.550138648652887419e-01
1.695414184808646141e+00
7.781142299819521213e-02
4.614437657191285957e-01
1.282856034350479124e+00
5.486154494377437629e-02
9.878713176771216631e-01
1.160100813273766462e+00
1.520127606073500726e+00
8.875314954542701251e-01
9.926993850939904718e-01
6.045386021130036980e-01
5.899199563385937317e-01
1.929159759514220251e+00
8.661215446438004228e-01
1.484162629473662509e+00
3.937116836436671541e-01
6.031545677576843900e-02
5.958809368301989373e-01
1.040077286243585863e+00
6.116941722624935629e-01
3.989127291887943905e-01
1.365502446011350735e+00
1.437222096598078203e+00
1.922350251406467869e+00
5.275920700437528588e-01
1.713531245353147714e+00
1.981898184317442357e+00
