6.085872861296022229e-01
1.758137683949285268e+00
1.474344183362639615e+00
6.387915272651483178e-01
9.959214371695424006e-02
7.355044187886852214e-01
1.332684758148419579e+00
9.054442415399157618e-01
5.284735652007643836e-02
1.056172974359606886e+00
8.109929825026807038e-01
6.926632992243320075e-02
5.152376186855263107e-01
1.652395104718337837e+00
1.872683596273240436e+00
3.735480476148356210e-01
9.436560743901458714e-01
1.991609565655665826e+00
4.413426067256325247e-01
1.015023969710410423e+00
1.100595786939960519e+00
2.763305528083561668e-01
5.321705051814129561e-02
3.105782501264298112e-01
1.283680202172421847e+00
1.877642232338463835e+00
3.909242211874568440e-01
1.766237328792146677e+00
9.348063482931046053e-01
1.095438487387573545e+00
1.686281780511112771e+00
7.492953151250247856e-02
6.725427864286706026e-01
1.210955916142914646e+00
1.392324558760802411e-01
1.470825005443079370e+00
1.061818297785908971e+00
1.697147058170422440e+00
2.245552628363047809e-01
8.704619424000608063e-01
1.204174046782879870e+00
6.825484178965979254e-01
6.844760956105924166e-01
7.729676201617952103e-01
8.945941151690250948e-02
1.885403598580201123e+00
1.610228829221140856e+00
1.911440462797842521e+00
2.188493584652646540e-01
1.795047806385820621e+00
6.849265270484883317e-02
1.891941355721986628e+00
1.451973052787505214e+00
3.511629198326637891e-01
4.527519271677293844e-02
1.835440375494002296e+00
1.447938977066067778e-01
2.726194408766424715e-04
