6.091938656428608212e-01
4.292357045619521472e-02
1.203220708279562068e-01
5.957436690372608368e-01
5.984368220924851656e-02
1.633022671551254135e-01
2.440770687047524312e-01
1.050989703532164476e+00
1.779937086010365377e+00
6.356013395327724247e-01
1.170048642705623365e-01
1.600452160050233275e+00
1.749320662700792894e-01
5.607958802903167950e-02
9.720990413697290222e-01
2.015767488192703460e-01
1.873057542971539036e-01
9.400513282804494608e-01
3.923219486712850035e-01
4.399241214479689965e-01
9.205092368490825905e-01
1.324104065247519557e+00
4.788374101050578702e-01
1.491362842121902954e+00
1.444687580475136457e+00
1.941407714530134498e+00
1.331782520290956118e+00
1.466445852995272414e+00
7.265773108210744624e-01
1.170845312340983213e+00
4.937787888301103933e-02
1.854823049898532972e-01
2.934081722838399742e-01
1.844005069057198298e+00
2.190069836841495032e-01
1.991497085305371506e+00
1.422016917667205504e+00
1.490504214495253166e+00
1.471602306332064458e+00
1.545287752238541312e+00
4.579825658874470129e-01
1.197917128548176002e+00
1.053533439163525376e+00
2.568064396321871889e-01
6.180991315990542745e-01
2.291795712631330417e-01
1.591165795420555806e+00
6.679297081964552518e-02
1.361290320198107473e-01
1.907640154918513353e+00
8.068553287617423742e-01
1.170027554479135201e+00
6.865065628612501136e-01
5.030389998831461540e-01
6.763942668954063819e-01
1.704989989594230870e+00
1.088604402771728097e+00
1.928823309404239517e-01
