1.447352598788834488e+00
1.482051489662685739e-01
1.728625486352273199e+00
1.145317382902340864e+00
5.441993636038802151e-01
8.992786502389460424e-02
1.909036670655118950e+00
1.064780000976548902e+00
7.980864758130357117e-01
8.743504204125827073e-01
1.139140671259537108e+00
1.500055642999170047e+00
1.771613858879030001e+00
1.680107862833513099e+00
7.665231864461223843e-01
4.868597326688073323e-01
1.345916849847681895e+00
1.477819167050384852e+00
9.161218699976423352e-01
1.786626878263924301e+00
6.392078636584357376e-01
8.395153617776762722e-01
1.104108004570499180e+00
2.729547998230286154e-01
9.926399589589363082e-01
1.442645228336644880e+00
5.531235207320914782e-01
2.253895418214888480e-01
1.168391980283003395e+00
2.969973228053839343e-01
3.510999391791274071e-01
7.125466626307108697e-02
1.894053510797848450e+00
1.984775120211477173e+00
6.235904402672876046e-02
1.665863236528502878e+00
4.488641929001668807e-01
1.755018344765632676e+00
1.121659984318032155e+00
1.992020761956324826e+00
1.586801962700419288e+00
4.723865558770934392e-01
3.727867576624346313e-01
1.266699112185505349e+00
7.108384482388783177e-01
1.339333100366464357e-01
1.133832503055637098e+00
9.201538637798800657e-01
1.474701074055059902e+00
1.526432271892574022e+00
1.669892917404500743e-01
1.577177370776412069e+00
1.210599809795415371e+00
1.450794189305723680e+00
9.321494926190965202e-01
3.832875550813938936e-01
9.209069733993460183e-01
1.810636641629165489e+00
