1.327033890811740502e+00
1.952426261473516611e-01
1.826614336699036389e+00
1.773810496961507610e-01
1.597672031861567810e+00
1.595419731670898678e+00
4.446303637672381903e-01
7.901920520678835658e-01
8.625679924263880416e-01
1.522023479490702602e+00
1.246360953691115103e+00
1.933036039420389152e+00
5.931044112587047223e-02
1.122524002828415135e+00
1.769603638428530079e+00
3.027431356396825812e-01
1.446143115058694750e+00
1.183748599995830819e+00
4.843218756969700500e-01
3.673910557664297194e-01
4.445274563011172297e-01
1.178668910867436637e+00
4.089752146352698681e-01
1.298482054560392118e+00
1.412099092257375510e+00
8.199741260233195383e-01
8.295478105246378853e-01
1.177068731142270064e+00
6.261973991221667646e-01
1.559342047875304615e+00
2.321250522165456687e-01
1.822006790625243511e+00
8.928899549536493119e-01
1.310619216921794727e+00
1.301607304690278077e+00
8.148894473373253788e-01
1.791692212259657691e+00
4.937111588571725385e-01
1.895288952648624736e+00
1.365861813506861200e+00
1.040148379204545837e+00
1.642579737837807308e+00
1.240211711515200932e+00
2.607125428096068731e-01
5.457590793363729098e-01
5.861064130474509248e-01
1.113271110818331966e+00
4.680876454565341405e-01
9.355774025424885565e-01
7.336391861100790557e-01
7.794241270982738001e-02
4.561788515796392218e-01
1.244092017508579673e+00
1.216889264720767194e+00
8.833618813022470206e-01
1.508700035870166989e+00
4.381061797829062243e-01
1.330693856867306568e+00
