1.301443948291888475e+00
6.926962848044784238e-01
9.030814875693233823e-01
7.246274918247905816e-01
3.261414792270787011e-01
1.946899338299693305e+00
1.618743330105759881e+00
9.586757286575475767e-01
1.309988767955741373e+00
7.505595943353737809e-01
1.529246100397666730e+00
1.112257001558562219e+00
1.167524219837186905e+00
4.187290080477046317e-01
9.953569935917121470e-01
5.278759278320217518e-01
1.642512780928220284e+00
8.844550431998454698e-01
8.201496603874018909e-01
1.879643604722620598e+00
1.495083664186975803e+00
1.834968091299128634e+00
2.713150908597796729e-01
1.142473047172066547e+00
1.383896775248723010e+00
3.733110469665081865e-01
6.394600851246696749e-01
7.689081535701789427e-01
6.061113688634827135e-01
1.042175932262794369e-01
1.554125434197294098e+00
1.756960569792636928e+00
1.401713221855761304e+00
1.387673204614015443e+00
1.632849726617140451e+00
1.220485099410554053e+00
5.826834765266317717e-01
1.160783324156488661e+00
1.087101695421081704e+00
1.580074225232368956e+00
5.911239986780798539e-01
1.813618531258963440e+00
1.952228027532893151e+00
3.027767035327064704e-01
5.091205678305112947e-01
1.248914487381104443e+00
1.127482585511782709e+00
4.147043510356471785e-01
5.040996747265436007e-01
1.953013251606126044e+00
7.074399157415376393e-01
6.118496809084419397e-01
1.012981102544383560e+00
4.050161802981158132e-01
1.117083621848076636e+00
1.608086713911422105e+00
9.282549914714719463e-01
8.270953487176244678e-01
