1.504531305349932957e+00
1.316625712152891925e+00
1.149066349265829956e+00
4.587715417750692914e-01
1.073550911226527571e+00
3.720302132071400258e-01
1.597958808809053277e+00
1.274596692126816588e+00
1.575659927377985436e+00
7.776156365378312785e-01
1.791223248976079319e+00
5.693614940290872006e-01
4.456297865539253777e-01
9.346669609232094444e-01
1.831489527141751950e-01
6.094875660338412438e-01
3.804602696873997658e-01
1.358000392204551598e+00
5.745583073390259088e-01
9.340685065749831928e-01
7.032407890542735629e-01
8.818335762566267277e-01
1.996644425184770366e+00
1.140218161880079961e+00
7.586597754143165062e-01
4.133285183343970992e-01
6.635853527205188840e-01
1.559249317379515443e+00
1.496055111574604801e+00
1.379163266442846592e-01
1.195560943775984875e+00
1.972297851378320477e+00
1.322727162856335958e+00
8.725264950067574965e-01
1.270091249223308516e+00
1.128566691777684206e+00
1.352021874013568770e+00
7.107807318636760741e-01
5.545651309779748850e-01
1.170142655802200782e+00
1.059470723095373046e+00
1.561388814322060004e+00
9.597613659345030079e-01
1.427952951763900025e-01
4.014623671954811179e-01
2.449901256970772323e-01
1.561636909929176920e+00
1.650873837770379104e+00
4.293304605719443501e-01
6.109451380885744243e-01
2.947407631126317540e-01
1.145473852611297083e+00
4.785070162605968846e-01
1.793166815033859773e+00
1.087835112485308287e+00
1.957329519682650343e+00
1.243725026561038671e+00
2.736349468482091041e-01
