1.567809381611366959e+00
1.491236225544236849e+00
2.046820987875843656e-01
3.726078185621215511e-01
2.913584198815066806e-01
5.724998144032058534e-01
1.625844919440555980e+00
1.878573200055541736e+00
1.166732273604932146e+00
1.233167790543633568e+00
5.305805356600279410e-02
1.336318045000123522e+00
1.510552599134102003e+00
4.885070956325496816e-01
8.691203729915066845e-01
1.495803267950109205e+00
1.534461028845059971e+00
1.612331381094542326e+00
7.890285547172148917e-01
1.133666120087821305e+00
1.069007598014181326e+00
1.099314297395490581e+00
1.938970963279056825e+00
9.276930029917247467e-01
5.742491739880910551e-01
5.754154494154115618e-01
1.124613819061259345e+00
1.920387149635211621e+00
1.115806215031414528e+00
1.211613495319480815e+00
9.382102994329906132e-01
8.471978218513864789e-01
5.001838902303967771e-01
9.549589994485216948e-01
1.021000522186472192e+00
2.560483643165385459e-01
1.683992260026228038e+00
5.810161034753531517e-01
1.935594840494125890e-01
2.798647624100705222e-01
1.223848384577146842e+00
4.733903483796431111e-01
1.104617704485605589e+00
1.133815601152312613e+00
1.693783168385332605e+00
1.224173289673132548e+00
2.911273138146803774e-01
1.889044439302374201e+00
1.904592481338322152e+00
1.105839004669158410e+00
1.864977908152380515e+00
8.448503580946145064e-01
1.396498493831152210e+00
2.058566617664436826e-01
4.894004252169792402e-01
1.169140240483471427e+00
7.149227144968448577e-01
1.456779181789271682e-01
