8.935460445081120362e-01
1.915528026116255056e+00
3.327948373651645753e-01
5.644884800448277673e-01
7.010048576350857985e-02
2.107779643762892618e-01
1.612933799027153725e+00
9.408649383742395678e-01
9.091214511250544916e-02
8.380950016853043749e-01
1.101821361405961319e+00
1.447915450652151215e+00
1.725643370921636777e+00
1.881710773442459850e+00
1.888309400374630354e+00
6.884744016374648723e-01
1.191066874252908470e-01
1.714812826704516180e+00
1.872356262922872716e+00
8.123029497094633733e-01
7.201841110737712270e-01
6.802127517286482572e-01
4.132346681228904473e-02
1.607455237611723486e+00
1.349309237826738173e+00
6.967641827432067281e-01
7.404704697804374014e-01
1.742669007048568641e+00
1.412355394048129043e+00
1.833291562066761138e-01
1.236743930312812711e+00
3.107530241599145704e-01
1.010753886937676427e-02
1.314886966699311266e+00
1.000199116417525680e+00
1.064666394738289945e+00
1.404904586747962369e+00
1.129918458246931934e+00
7.120619741299125671e-01
1.515882588717377466e+00
5.060100820622626117e-02
3.233293069447595869e-02
1.733401371816878367e-01
6.868588308173739776e-02
5.798672320278837056e-01
1.661412402937169297e+00
1.918935729381614497e+00
8.944707741707147441e-01
9.914292501087045295e-01
1.867044949733358106e+00
4.693063288746115447e-01
1.538626457515865908e+00
5.930015760720870333e-01
1.832105840459223423e+00
8.662203940133395008e-01
1.873219617658640423e+00
7.958416009868325425e-01
1.755235351990990011e+00
