1.806932443666031674e-02
1.402472544364857576e+00
1.100665704997336736e+00
9.741402981393973981e-01
6.773247250273044529e-01
3.821256365864611482e-01
6.365863518290746370e-01
1.886001591838883495e+00
1.117912707059957267e+00
8.205133176913830262e-01
1.595215135777865445e+00
1.513406410672488711e+00
3.858602805578374983e-01
1.508164376405982221e+00
2.091851924459913192e-01
2.605775685101971995e-01
1.820324840729740323e+00
1.950136667086150855e+00
1.511832400057602666e+00
1.165067809780385932e+00
1.647687718200542939e+00
1.153860693163015760e+00
1.191901536449696763e+00
9.472722197570626612e-01
5.647019126325347749e-01
1.079118097448334090e+00
1.074540468908871116e+00
7.056272630489743847e-01
1.190417227777138542e+00
9.551478805821966844e-01
1.063985667495414233e+00
1.678574570673308397e+00
1.468520346799198073e-01
1.021917926270402788e+00
1.951084204175615788e+00
1.854431244316088190e+00
1.701209318047822716e+00
9.421492933999084940e-01
1.053050910794030237e+00
1.212925186877278794e+00
2.419679881407255095e-01
3.528300215348805224e-01
4.608040286612480330e-02
1.035927658617432634e+00
1.884223809699505203e+00
1.338701340525599637e+00
1.953248865213257357e+00
1.856486305425871119e+00
1.143022077752666732e-01
7.682992265769947871e-01
1.914609430183578098e-02
5.165315055941803735e-01
1.444545833720956463e+00
1.306223317884409596e-01
3.417309632259613039e-03
3.236087396886726530e-01
1.212829380357472786e+00
1.223217850156561148e+00
