3.857131937199578253e-01
1.112821102438686260e+00
1.170285305444934476e+00
1.840296412701152740e+00
1.049319873200416531e+00
3.211232887570782957e-01
9.990558394772328654e-01
3.247837438439793445e-02
4.345004130637151185e-01
1.888779129442516691e+00
1.199249243575955415e+00
7.420372566803079550e-02
9.077505837912260844e-01
2.082588419766522314e-01
1.500420107217275145e-01
4.688561537037130300e-01
1.579436027865509296e+00
1.807391807036151654e-01
1.589912816244777982e+00
1.022679055536985793e-01
6.624141998810397780e-01
2.788281699412342718e-02
1.711884187671478319e+00
2.325301956048448915e-01
1.021587758120583445e+00
1.541359744660663722e+00
5.585140409952504825e-02
1.248120118835375880e+00
7.004893435405108448e-01
1.049066601214307504e+00
1.964040945951513351e+00
7.863865165409587021e-01
1.866003766772868389e+00
6.915797656127122828e-01
1.944621300482229920e+00
1.698464177273572240e+00
2.682664596968793447e-01
1.089983238406406763e+00
1.678327855035580907e+00
7.048684920663230713e-01
7.150568985064431615e-01
5.171078839650151693e-01
5.490512470149844226e-01
1.325879162744576067e+00
3.694140008314055201e-01
1.001913784795104068e+00
4.164265835379081793e-01
8.646203653819877211e-01
1.415585433415205152e+00
7.439345318072376756e-02
8.759454464520151085e-01
6.289007025765336323e-02
1.885209831544665260e+00
1.810930510044963082e+00
1.444073530108592518e+00
1.982037914383826482e+00
1.674790243938283130e+00
7.716327917359899757e-01
