6.911090918971192210e-01
1.517562829091067655e+00
1.097923236494590338e+00
1.946608116735511373e+00
1.495344221142403729e+00
1.260579346627714870e-01
1.935523221640585323e+00
1.238959842651672805e+00
1.297483463117966362e+00
1.671469084785508485e-01
1.875053166642686175e+00
4.714774846537572728e-02
1.778640965191815582e+00
2.620139421792151424e-01
8.911145416178669620e-01
1.499925104479449267e+00
1.862975343790439275e+00
1.771808876193379234e-01
1.694535557812680615e+00
4.163723080171370938e-01
6.374178331407418518e-01
1.331123487119163062e+00
3.668286909069053969e-01
1.687301297633858610e-02
4.044221845292872430e-01
1.157205574638879853e-01
1.660273258019225207e+00
1.497900745229051811e+00
8.573216750510646023e-01
1.818124687232422154e+00
9.833055719717820331e-01
2.285408760494123115e-01
1.245045537047343220e+00
3.769027623062264354e-01
7.257556008036307738e-01
1.001990050291712286e-01
4.250182443760865958e-01
1.416519394083426420e-02
5.266314938718035243e-01
1.006944745113762085e+00
1.605106707339219785e+00
6.212494444668505977e-01
1.178369034007666016e+00
1.943622211828510693e+00
1.925014473349091926e+00
1.297473202968180139e-01
2.125121022403941851e-01
1.125598180363456269e+00
1.703726154292297235e+00
1.294545676762164810e+00
8.228525252336060802e-01
1.824922689918197172e+00
1.260371583211919333e+00
2.001174544412194223e-01
1.361457046430900597e+00
1.151793826463634929e+00
1.307634265000096274e+00
2.672118736656630134e-01
