6.590520270942104020e-01
1.082777735953907694e+00
7.171742645402252592e-01
1.603602217364106242e+00
9.414184095236430849e-01
1.517587827582347781e+00
1.491557691117078477e+00
4.300252830966178053e-01
3.549781134662413073e-01
4.243781643097417344e-01
1.264948227865648089e+00
1.907483446418870354e+00
6.932787769030346325e-02
9.461803361815332991e-01
1.068520905072592342e+00
1.934119873904050824e+00
5.531562367787623558e-02
1.814620802377229669e+00
1.946511979998368780e-01
1.202796970513781982e+00
1.871608112259512957e-01
5.329019417410663095e-01
9.096776458483031291e-01
1.189756222184957135e+00
1.163724778458084863e+00
2.827685041054590620e-01
1.181847860561285213e+00
1.712681142745795970e+00
1.142975166170129064e+00
3.697751882845023985e-02
2.943735205699824498e-01
7.468520046244204735e-01
5.013248572706325845e-01
8.034745431473173660e-01
1.968677975406368574e+00
1.047579945910478205e+00
1.405128454976365848e+00
9.138458359121641728e-01
1.019567894825582854e+00
1.045663229086423840e+00
1.407542391925580283e+00
2.943559180766510686e-01
1.187260649842714511e+00
7.646814694522841016e-01
7.518767396619958632e-01
6.584784900910793937e-01
4.829975164523983011e-01
3.951517562701742925e-01
1.556726045883723319e+00
5.176342307792118902e-01
9.546029395226307557e-01
1.264386747067495431e+00
1.377307499644956135e+00
9.773744819257585981e-01
7.338925503623467961e-01
3.331807619248357000e-01
3.963660105602984096e-01
4.904100205713901595e-01
