1.131154160031526246e+00
1.162156498849791220e+00
7.069121722090057069e-01
3.730504442414943611e-01
1.852694997490424988e-01
1.937415819834608310e+00
4.904883933833836807e-02
5.287965602029189860e-01
3.441971269434080938e-01
3.582837555799120999e-01
1.057909218205417723e+00
1.511759589116913549e+00
1.503727558432206290e+00
2.682740424480205554e-01
5.293863726151437632e-02
1.326866683791986912e+00
1.143956310557708189e+00
1.343697214497395098e+00
8.670608393531415992e-01
9.908691719031503808e-02
7.511656608469028384e-01
9.856105793274800853e-01
8.646399550318801808e-01
1.722820748367864141e+00
7.061318747601230683e-01
6.411762377294776272e-01
9.502519887098070939e-01
1.667774062144388836e+00
1.208194256934419730e+00
1.227500696890673204e+00
6.416298865824541231e-01
5.376236169327386349e-01
1.936566912655909523e+00
2.093280231402894209e-01
1.675472336596387724e+00
5.520247873251005188e-02
2.649381790031122286e-01
1.880479624856148391e-01
7.255841654118597717e-01
3.674136397947957988e-01
1.423149988022331947e-01
1.530764150240730093e+00
1.038268860697618923e+00
1.122675256106364650e-01
1.744231123315393983e+00
9.284860406357995366e-01
1.755275581547488528e-02
7.606256106246456206e-01
9.373739075133085130e-01
7.640353343058476909e-01
1.743931753372649940e+00
2.595592574330174429e-02
2.251368921221290620e-01
1.435291890625662869e+00
4.368962954769162188e-01
3.551020124441777170e-01
1.209589850507691633e+00
1.812489150904422086e+00
