1.898836261445753237e-01
1.115085755544154011e-02
8.209465748548501196e-01
3.055947724438312640e-01
1.411884387348449899e+00
4.350057512156837447e-01
1.370550180814196661e+00
1.142547575860775044e+00
1.979883872031047432e-01
1.298469541029956709e+00
7.807592214616794202e-01
2.161404696923061586e-01
8.503447934796142249e-01
1.116271498221893754e+00
5.460132228177507763e-01
5.345523787342782995e-01
1.094808716833848283e+00
1.022137848188521492e+00
8.569204427214134334e-01
1.368403589983746560e+00
8.223113998984756812e-01
7.576878884719819851e-01
4.736676681186158255e-01
1.279525670389786818e+00
1.625092303729252396e+00
3.909519866380706254e-01
1.819489763974363239e+00
1.518339026103368461e+00
3.996069360904122014e-01
1.214089859744844624e+00
9.146873136283750760e-01
1.450453327965353090e+00
1.780612779659263456e+00
3.006982047451649542e-01
6.002972836178162019e-01
5.165298142659948688e-01
1.278764272145329173e+00
1.834417588860164372e-01
7.486015971780330958e-01
1.354688373058487993e+00
2.282670855707076285e-01
1.579833559828413225e+00
2.451373976034396662e-01
1.860415123379216773e+00
2.849231757012096189e-01
1.557202262721962160e+00
8.398268858352979649e-01
1.409596683569183995e+00
7.483439798645741270e-01
3.703628573752442144e-01
9.518160101896677716e-02
1.703035815756400062e+00
1.349280988362144829e+00
5.617806227943011876e-01
3.280071541363573928e-01
1.616785141315416841e+00
9.198884615705016365e-01
1.048449885573079499e+00
