8.402674799740417200e-02
2.981297279531767153e-01
1.814082211898616848e+00
1.802348313950998815e+00
1.114615102089755894e+00
1.176470718632066426e+00
3.481281458636460435e-01
5.600697866791666257e-01
3.925501091753056393e-01
1.001044605735277759e+00
1.413965634677168293e+00
1.772880469647937218e+00
7.838212040048517792e-01
1.581003879491121200e+00
7.087529292646888024e-01
6.445017420380989570e-01
1.086808921246604775e+00
1.019998098666268671e+00
8.891631086229105918e-01
4.565471043842102006e-01
1.783200707649290173e+00
6.275060222366977136e-01
1.170244661178461598e+00
1.488583018076558240e+00
2.206182187785570292e-01
5.203169778685987623e-01
1.669434749853643485e+00
9.747985320758680849e-01
1.013358567017535794e+00
8.302130571354404687e-01
5.706904735377138493e-02
6.740579770114649705e-01
1.596700888686394926e+00
3.608817689031176279e-01
1.964227336861216422e+00
6.651526680395343227e-01
1.133199000885481755e+00
4.876329709386886258e-01
2.016128253268969495e-01
6.507222725008250386e-01
6.959181407279668719e-02
1.117451287565492279e+00
8.354069999185012030e-01
4.626693876783876114e-01
2.244861397490911514e-01
9.384820421490389641e-01
1.379116777515562831e+00
8.898887415921468147e-01
1.836660789419693796e+00
2.838934844968181714e-01
5.612429891969021867e-01
8.955948422079917925e-01
9.753529568031624741e-01
1.125358913103693848e+00
2.426171661701705951e-01
1.505248003633661291e-01
1.121631768343489544e+00
8.909664600963500547e-01
