1.252707789168080232e+00
1.781843554502505533e+00
1.330871229722098814e+00
1.267555306639254198e+00
4.791479493487127428e-03
6.265712371550762327e-01
3.865091264184394859e-01
8.097678363298297377e-01
1.099810896441603791e+00
1.106646100761050633e-01
1.543618350706608577e+00
1.048657388394858891e+00
8.647904889419777419e-01
1.425592128710075457e+00
8.535362018299648135e-01
1.410701904661305850e+00
2.850912602196351564e-01
1.206411194236944873e+00
5.347874227758131482e-01
1.340847161581359526e+00
6.635199884681863836e-02
1.875413556639397683e+00
1.696905847362324415e+00
1.196034840076161565e+00
1.608638830490344507e+00
1.599555625069329690e+00
2.897654574665495808e-01
3.280266977933683492e-01
2.491168845381079855e-01
2.774572163276283199e-01
1.534938778747382937e+00
4.784609014125900117e-01
4.994202209163356443e-01
3.641824200567320702e-01
1.172778710277153635e-01
1.453496994724279290e+00
1.303661305627490385e+00
1.492204450592780507e+00
4.011621865707586387e-01
1.780625491760021717e-01
7.791302360670719906e-01
6.213411575197422820e-01
1.080808515087494648e+00
1.977290043036319389e+00
1.533316170595560024e+00
5.507054730133171816e-01
1.129970963629307601e+00
5.204155470638895942e-01
1.694183292847600608e+00
7.043346796698055634e-01
1.066563005363180938e+00
1.020508777647446408e+00
1.188646934388149390e+00
3.151102058661243710e-01
6.196465248384819269e-01
9.868705601935432448e-01
1.861284132277120751e+00
1.735038502738537325e+00
