5.433206765932565574e-01
1.313180165608030858e+00
1.245178613615439467e+00
8.045835785001216323e-01
1.970705163455642506e+00
1.955675764883243684e+00
1.844742440630575242e+00
1.023831399340221715e+00
1.080550608154906556e-01
8.223069781212597462e-01
7.555238837815427821e-01
6.679084750998676157e-02
1.288710814148455341e+00
6.447782895590723484e-01
5.091948409678082044e-03
8.923189102193531674e-01
1.643671442466855925e+00
4.823556654361937923e-01
1.063313291716779130e+00
1.975652603083042802e+00
5.173693238949295115e-01
1.579647926962237214e+00
4.633452362446974782e-01
1.869835696707849326e+00
1.075654801465156130e+00
4.359536831562702552e-01
1.322764196573480433e-01
4.270297206484539032e-01
2.212185806670632360e-01
2.838590859331624472e-01
7.579412112793368905e-01
1.783516905974399602e+00
8.961128999610146195e-02
1.795202355191949373e+00
7.981305944812353559e-01
6.084208696020700913e-01
1.947635524260871165e-01
8.276308916336745369e-01
1.914638921672112470e+00
1.230703029818499772e+00
1.354955395304081378e+00
6.021042455528471393e-01
6.873651404623437600e-02
1.164407701531619654e+00
3.608378054226455411e-01
1.617783314658212124e+00
1.871617335550662009e+00
2.829459409566243977e-01
1.613280567401848220e+00
6.681318255158328334e-01
1.199801044439215314e+00
1.204827772875950664e+00
5.164107827621466917e-01
9.414883379250640338e-01
1.630268937264438556e+00
8.809183630860704106e-01
1.417147428321713587e+00
1.120643265081836759e+00
