2.717406640441146770e-01
8.565680585049570972e-01
1.233281604773944995e+00
8.245362513667502391e-01
1.537912107658589989e-02
1.544597095678179155e+00
1.629684200716305487e+00
1.108711041403244835e+00
5.679587795532587968e-01
1.394977705578225979e+00
7.740025770425211782e-01
4.080832533684168872e-01
2.704630497766880026e-02
5.554144000281424631e-01
7.090111470901705459e-02
1.704005567687688405e+00
4.853586778919485312e-01
1.814362772680474745e+00
1.516826826294514596e+00
9.326833853421896414e-01
2.892061669180989725e-03
4.106647092497244245e-01
1.809130740974743468e+00
1.120773337229944655e+00
1.156653127637310430e+00
5.478797727011972540e-01
1.102153733220145870e+00
1.299909766715004356e+00
2.431791349449508033e-02
1.244344459087054489e+00
2.657069837557077818e-01
6.107813199320890618e-01
1.687323979908230687e+00
1.114447473946381884e+00
1.406734977016584676e+00
3.566160546288568156e-01
9.056406528971718828e-01
1.326002586173355979e-01
4.080210449929144723e-01
1.947786545019649207e+00
8.947078358947733179e-01
8.425008574351875446e-01
5.707701888903842224e-01
1.325724620326104386e+00
8.430999287337574977e-01
7.993973406335275200e-02
2.772077236089658392e-01
1.589964628423333082e+00
1.666029486092319267e+00
2.589183418631528788e-01
1.720286792931569941e+00
1.708997719499968593e+00
1.948584572311154783e+00
1.561585086167230685e+00
1.289986162681894033e+00
7.544582500413965498e-01
1.940809367237269267e+00
1.884176601146947405e-01
9.453082058980672997e-01
4.998811543013954584e-01
1.425678547207184010e+00
2.881804665816249944e-01
1.073690005924229585e+00
9.142594430201747002e-01
8.529538422227376238e-01
3.697510719313599203e-01
1.396702887304287266e+00
1.070129578518823621e+00
8.857984795599094241e-02
1.443652894329789493e+00
6.230190340510435298e-01
1.641177520264981649e+00
1.859177046601363070e+00
1.899039718925322084e+00
1.799145842330970080e+00
1.511415474272570947e+00
