7.194613849514395199e-01
9.799538706096644347e-02
1.588825026258478434e+00
1.765757204902670185e+00
7.388526243838811070e-02
1.436472250183973287e-02
1.469045756805322789e-01
1.661163624530335170e+00
8.590137671681143949e-01
1.393156478911822482e+00
1.431230583620767050e+00
1.184697352993555608e+00
8.219886282660775478e-01
1.187193156846587883e+00
1.553911682346894363e+00
1.939370274408265260e+00
6.096488740437937537e-01
1.805666954296913929e+00
3.087953222962873667e-01
1.714225142199574226e+00
4.833920058463658798e-01
1.056126408049283150e+00
1.469803647165577321e+00
1.938096388472772880e+00
8.805890993228264740e-01
6.119926740388015318e-02
6.878856696907962309e-01
1.886082325661743830e+00
5.074319456140465867e-01
7.719898848618647058e-01
9.494629956837119522e-01
1.970163391674710773e+00
1.607099978936289197e+00
1.589302563120810863e+00
1.752738928832875409e-01
1.373178681540461632e+00
7.602390739774844697e-01
1.683949088971791852e+00
9.067947920131675943e-01
3.246294541419390001e-01
8.761178627583099399e-02
6.233738741250687276e-01
4.944664923978736581e-01
1.959475746700736654e+00
1.552291846520863494e+00
1.853875192660502602e+00
9.078083170284854120e-01
1.684344664502036792e+00
1.270288640570755856e+00
1.377966358966187244e-02
8.862211951750476047e-01
1.921677636067247619e+00
9.549990254267015644e-02
1.833469924734969059e+00
1.670190136202118758e-01
1.600566276573669011e+00
3.338259263107401509e-02
2.169417633215751096e-01
1.647042236687609851e+00
1.787474729007824781e+00
1.429827771857004493e+00
5.762242443822138682e-01
1.146204486464689420e+00
1.671064586610112368e+00
1.023942715674630577e-02
1.736820917194715985e+00
1.907767028423606348e+00
2.261381163554716522e-01
7.150579171002391377e-02
2.085747278594709542e-01
3.742020173042974740e-01
1.537625740776358274e+00
1.939492426659004121e+00
1.972986622685795943e+00
2.729732562525342132e-01
3.772591955544513098e-01
