4.523438621213524691e-01
1.820650071643993506e+00
9.126267000831913556e-01
5.323524119858635828e-01
1.297735601328842137e+00
5.393334578886426200e-01
7.755690169941344969e-01
7.774219459735793869e-01
1.790303050733137891e+00
1.706870255955491800e+00
1.800281179312254842e+00
7.861243017901267116e-01
5.080258499890391022e-01
1.130677545133899287e+00
2.169095968052641155e-01
5.855752615449558718e-01
1.115881880375495072e+00
4.354814591776992039e-01
2.718115828215337260e-01
1.789088642752127534e+00
5.099994401740697292e-01
6.615562769781764274e-01
1.835469702002841874e+00
6.008461093060057934e-01
1.396251966104966158e+00
9.591768915164995413e-01
1.387611250089403114e+00
7.026660706823140146e-01
1.919444828848888562e-01
1.704307129910731522e+00
4.634801004390438628e-01
1.977531346547776181e-01
1.325924622535094244e+00
1.812228316636744552e+00
1.944895945395021641e+00
6.407890165755256717e-01
2.409871378046752888e-01
1.602833783177224358e+00
6.969665653242698156e-01
4.460680599106670030e-02
9.183644498640632925e-01
1.808309878319988240e+00
1.940208074220198142e+00
7.050329281405698367e-03
8.001316551920485409e-01
1.949503385149317758e+00
6.752616303527281261e-01
9.707818393279832314e-01
1.293682719608054921e+00
5.957653395742754654e-01
1.176831120214223869e+00
7.224035199838940713e-01
8.987174713295256190e-01
1.915582452519610346e+00
1.107957926133277926e+00
2.405151654950521412e-01
1.204585241841036769e+00
5.098155200404663745e-02
1.513534910394930932e+00
1.563494075790576865e-01
1.849327397869526823e+00
5.283329603551614184e-01
9.887922148954877422e-01
1.426009373517191037e+00
1.875768846766203257e+00
8.075236586167826580e-01
2.057418584483885482e-01
1.698183585957356634e+00
1.574212293989363243e+00
1.156674141316354376e+00
6.696942786413848658e-01
1.708798866100256220e+00
9.763625767990502524e-01
7.431842994977269079e-01
1.714123682106512003e+00
2.625420354763265962e-01
