8.461786354572966573e-01
1.536749175889080110e+00
1.543343796782511212e+00
1.858784609465048199e+00
1.487727863762377201e+00
8.138879751871384016e-01
1.630443905350256628e+00
1.301122492552424958e+00
9.722436917853558569e-01
1.492854637132078555e+00
1.289052072803642979e+00
1.768994391664191923e+00
1.829422696765397927e+00
1.059142737244848753e+00
9.931504268965865023e-01
1.374211411093071433e+00
8.531045412834972197e-01
2.428406884142297883e-01
1.161459005710651304e+00
9.617328264711537678e-01
3.057420219028030850e-01
1.635312490477306202e+00
1.359834748628249823e+00
2.786482825344145375e-01
3.127191034564629213e-01
4.421738990718848683e-01
1.387939642390310535e+00
8.514943376964749788e-01
9.253304531636530328e-01
1.923673353547287856e+00
1.556352417200041138e+00
2.280173843041364279e-01
1.869783812248742016e-01
1.440210017198568337e+00
1.663006719269637390e+00
1.006849961638522473e+00
1.617924273221455156e+00
1.394043510435823752e+00
1.882147461673530309e+00
2.263258409869544074e-01
1.357359974077900322e+00
4.733910223721977673e-01
1.280791327323472562e+00
1.784614708300512831e+00
1.593766562865774894e+00
2.121284137306198581e-01
9.901967967710181284e-01
2.934912971149352678e-01
1.270518690900297454e+00
1.692790314012273090e+00
4.391485718156920015e-01
4.133657700817923164e-01
7.495640355684254352e-01
3.839883641076511367e-01
6.673109551616152046e-02
6.892428860513959421e-01
2.327317742610484075e-01
9.365500295179391976e-01
1.548285406282987609e+00
1.804481526015789594e+00
1.529107749837351538e+00
5.654112038367329340e-01
4.161234197828269643e-01
1.709067680146147516e+00
1.572318850586094552e+00
9.244091961671045965e-01
1.208525725804267648e+00
1.017290641526365391e+00
8.674266906970773405e-02
2.520722278750571199e-01
9.251656826799519173e-01
3.600965912204672215e-01
1.526091640036581154e+00
1.424973129328196197e+00
1.388463028668942556e-01
7.022518435706950335e-01
