5.517356853887864787e-01
4.869065670152550318e-01
3.025624583118702304e-01
1.319637044931345038e+00
1.430865835802022090e+00
8.045084105590403212e-01
8.490301416417724845e-01
8.080472156397084937e-01
9.082988487886440865e-01
1.499574885962736470e+00
3.188049047671164260e-01
1.407405424890202372e+00
4.763620173955529502e-01
8.959771539009953045e-02
1.447773467270673020e+00
1.400997598674421418e+00
3.685524430708921884e-01
9.856595859083512323e-01
1.108942183047904706e+00
1.566282463349660592e+00
1.637953921828564141e+00
1.232850836995073252e+00
3.923442999546429277e-01
1.735751938607482447e+00
1.064360698417425422e+00
1.125417611500748816e+00
1.597550940042096634e+00
6.631557367888354371e-01
2.772822387564235491e-01
9.814654074809174844e-01
8.251093235541295812e-01
6.518258136447441231e-02
8.122993396810218591e-01
1.867977613781632407e+00
7.418896202718308075e-01
1.473062365875771995e+00
1.926061590881030128e+00
1.508971346021699134e+00
1.378204745608714088e+00
8.208677368720671552e-01
1.254675877277412255e+00
1.601382165135569746e+00
6.747730125270070545e-01
2.268069979539433234e-02
8.113718085045067419e-01
1.018143334731857141e+00
1.148941725222742072e+00
1.122812913875007812e+00
1.511734532558560939e+00
4.774845155281846054e-01
8.561195310503024736e-01
4.631682203289240185e-01
9.750672896983787474e-01
1.775773501057992476e+00
7.275700434906395841e-01
1.774027731924237017e+00
8.874373558387258498e-01
9.360677527967866673e-01
1.674717096719429144e-01
1.356904434986182739e+00
7.479196368654199567e-01
1.997054646541066791e+00
1.003542378405931412e+00
7.665331566583013512e-01
2.878287153600349590e-01
1.204942733874178273e+00
5.508323213326793422e-02
2.550811085517135091e-01
1.148948273506571915e+00
1.388738608356050452e+00
1.880162212102753472e+00
5.549105516738097599e-01
8.993739599222676517e-01
2.138841863448321945e-01
1.599474368456400786e+00
1.120815321460981284e+00
