1.717073171205054649e-01
2.757846981384339813e-01
1.893815003400587393e+00
1.734836340245351494e-01
1.649142524169300295e+00
1.666121124222459393e+00
1.699091934461879116e+00
2.950353670136180995e-01
1.030970173665626710e+00
1.088968618515270492e+00
6.723045454754004169e-01
1.306767233479463997e+00
1.767478982727090475e+00
1.070522091543675280e+00
1.340859047383658353e+00
5.817660421740704635e-01
8.565803914115734941e-01
4.374600764567766475e-01
1.182552273719052582e+00
1.818957539190937389e-01
1.199268081633477312e+00
1.230716919761403183e-01
2.508967728909734518e-01
1.553732824716476113e+00
6.445791645960490257e-01
1.346724766818944818e+00
1.931063317498376897e+00
7.790583886063462415e-03
1.491856228585474398e+00
1.235438515138223003e-01
9.561982074461621295e-01
6.711711070951045244e-01
2.703695660027665149e-01
2.700799374924693907e-01
4.981268458539251931e-01
1.056097240423963246e+00
5.534489456728910461e-01
1.636178296038939273e-01
8.512330982677083213e-01
1.151738434067267836e+00
6.683083230677895337e-01
9.473645742529592795e-01
6.043704733708552546e-01
1.959591531167024669e+00
6.777275799967301673e-01
1.186921283750732581e+00
9.361536052047729761e-01
1.581513025254513316e+00
1.545139121762043821e+00
1.365400484659103686e+00
1.679044435495641974e+00
4.560035473319641319e-01
1.061536872813233501e+00
5.943310689552463444e-01
5.163971595178717955e-01
3.451946659032731901e-01
1.956600586745887327e+00
1.590509596313144147e+00
1.677110114254312112e+00
3.812372102338614788e-01
3.606273557766557225e-01
2.356822313083934972e-01
1.146921644159760501e+00
2.692088805380676853e-01
5.266186337243063953e-01
1.561046156599968704e+00
5.157513015830939018e-01
1.246698089217892047e+00
4.603598778400788127e-01
1.092698936914430874e+00
1.996049997560752409e+00
3.014250334018253596e-01
6.481479359957713626e-01
1.947298285140752760e+00
6.805110650843984033e-01
1.274860036502233118e+00
