2.523375857360838914e-01
1.298922713376033045e+00
4.529834137980013331e-01
1.071742290535726116e+00
1.598685839594986113e+00
3.066344764038717585e-01
1.710166924587193993e+00
9.761006568130117245e-01
3.391885696451679699e-01
1.965613631582990184e+00
1.109296251148503387e+00
1.324201208024168075e+00
1.724089521224114741e+00
1.425081655953437387e+00
1.714009131351853732e+00
1.638724046459483219e-02
1.321472673727481784e+00
7.903223485122774505e-01
4.720432192829457918e-01
6.367310854380208163e-01
1.663133223412507355e+00
4.004794468581223121e-01
1.354069121915570939e+00
1.753694553069273798e+00
1.856766550018815742e-01
1.578008253049561826e+00
4.792252253902722359e-01
1.691645239209326412e+00
9.236751698313598880e-01
1.264387993832493340e+00
3.146728539012833004e-01
1.072615091048107150e+00
1.682465019452745292e+00
6.581047953432275222e-01
8.095929991861665620e-01
6.870661211668962487e-01
8.077342416489159405e-01
1.412010720350211912e-01
2.332752944609319812e-01
1.951770986164878874e+00
4.768761943667363390e-01
1.850968166391642189e+00
1.124149978398369942e+00
8.745008742270070634e-01
6.107354813873402399e-01
2.098850690639468830e-01
6.452478436431730024e-01
1.194196868304132853e+00
1.986259491996760662e+00
1.814447294608033001e+00
1.842932572613319220e+00
4.730047719474690382e-01
3.074003486411567287e-01
1.193425412434285793e+00
1.499045421835710989e+00
1.416157670493876086e+00
1.405664704547524124e+00
1.962107236408022537e+00
2.183235827870433354e-01
4.709502048900331417e-01
1.690382504635498329e+00
4.799552910732560740e-01
8.749663054221112901e-01
1.648101355009318425e+00
2.892402949679739876e-02
9.296318687713833739e-01
1.882962051647933954e+00
1.005823763387535319e+00
3.250497346033713875e-01
1.406555845976114050e-01
1.275320255915888712e+00
1.038822159714591020e+00
7.456038466656975672e-01
1.316433814979301342e+00
2.963368051819337268e-02
1.092843827070851148e+00
