8.521016389994664486e-01
1.496434964375800369e+00
1.633745965132904487e-01
4.368518499214255613e-01
1.266685077419777539e+00
9.488576724688786435e-01
3.562577150196455378e-01
8.340813545306389187e-01
4.688834856569821241e-01
4.589195498448557231e-01
1.606830357662984987e-01
1.016667783093603283e-01
1.148619993308514609e+00
1.809395863601093168e-02
1.088512939587082506e+00
1.504462026850982070e+00
1.456044543180525341e+00
1.796879720084167520e+00
4.584904466200212525e-01
1.956869506099312428e+00
1.475026508390512525e+00
1.749163481480675575e+00
9.726297258969940351e-01
9.437723184806166010e-01
1.350767194338932331e+00
9.782708730890883331e-01
6.407451550660963058e-01
1.226385439552737378e+00
2.157911912268359877e-01
1.318420541114358802e+00
1.963584082954757726e+00
8.128440013883966309e-01
1.790017769215566990e+00
1.111876405211984498e+00
7.004005536371802343e-01
6.656260670210745189e-01
1.356139741959852429e+00
8.846521748227176296e-01
6.460260734819263106e-01
1.880044542961645693e+00
1.087515734797294797e+00
1.485874163911155232e+00
3.717003905571747424e-01
6.029961700037471672e-01
8.399780486605652463e-01
1.175356665337607520e+00
1.454334618937141776e+00
1.912908071535368126e+00
2.464048440331225720e-01
1.783342315937671785e+00
5.177189093621032967e-01
1.192007036874835890e-01
1.272897861151652599e+00
1.692170008290057037e+00
2.956637780101907254e-01
4.774526293619953954e-01
1.475513219537887277e+00
9.656243574915892580e-01
8.290123087497760501e-01
3.082017514324242313e-04
1.205066083550781819e+00
1.923700944935486934e+00
1.705746420290964682e+00
1.367491948550103587e-02
7.976680740219919130e-01
1.492429619854492184e+00
3.990030233619745736e-01
1.278169018845081606e+00
1.291966699573720234e+00
5.158418356541543126e-01
1.155581178251873453e+00
1.625444446045112290e+00
1.027470097558162543e+00
1.889008335288387297e+00
1.321116007178835705e+00
3.825024040420630378e-01
