1.374449248932716916e+00
4.451779514592488773e-01
1.811214625595747307e-01
4.008839230406913146e-01
1.316080176175123295e+00
1.638428843678627622e+00
8.873157550143524475e-01
1.951608083448570952e+00
3.447379236561416427e-01
1.198215745599385151e+00
1.001600434534959394e+00
1.052089621360956961e+00
1.545220629486308006e-01
7.833756441518540115e-01
1.753443297572139237e-01
1.955031270561200962e+00
1.094270521951980157e+00
5.535884098852550395e-01
1.366446009588613286e-01
8.979300217607795176e-01
2.181912334841014101e-01
6.511660648055439538e-01
4.537962441872802621e-01
8.893264154455349235e-01
7.306943339117322189e-01
7.332016676829544721e-02
9.667025006201748205e-01
1.580464456781172977e+00
7.724359588599201132e-01
2.597592407787829849e-01
1.841078756543260475e+00
6.618419199494796068e-01
1.413440547493998611e+00
1.200022531672605641e+00
1.885503042454030886e+00
7.892549080162076791e-01
1.440439493418878225e+00
1.593440953229698920e-01
6.669246088463198774e-01
1.994737063935904775e+00
2.830194765695384085e-01
9.565770151308656821e-01
4.769474542346214818e-01
1.905448298733376067e+00
1.477100108019304248e+00
2.180577434720887275e-01
8.335206699971213773e-01
1.952664060794194523e+00
4.122078762742700242e-01
1.526819028524034838e+00
1.586863840105845469e-02
1.414356693578541879e+00
7.915214944819628506e-01
5.052758463638618025e-02
1.294353877400980846e+00
7.655478664665809063e-01
7.339354373895923267e-01
1.033937100195891912e+00
1.362053946660207515e+00
1.417603828226207785e+00
2.615861160425141385e-01
8.037646217213620936e-01
1.279122086287335147e+00
1.504706126543628120e+00
8.937742825651682210e-01
4.796425881327381902e-01
1.372725971174166393e+00
9.786659280927008098e-01
8.960352507773778896e-01
1.020328014566960650e+00
1.551175409419420781e+00
1.947818877363691747e-01
7.673019836099426172e-01
5.809666092981347063e-02
5.882925781447081448e-01
5.825088026388525186e-01
