4.636231580554661669e-01
1.626758395654038125e+00
4.870602246692290471e-01
1.966951770704275848e+00
1.817656792608566718e+00
3.308971047175068847e-02
1.279116234085700743e+00
1.155274689445747072e+00
1.970446359420452431e-01
4.492916446204651137e-01
3.444723894230437011e-01
2.336197687125052269e-01
7.532166149352148565e-01
1.600423698887822876e+00
1.522096343977478394e+00
1.447748472886138060e+00
1.380429865802641931e+00
7.318915928422069506e-01
8.536147066978960751e-01
1.458152273239363694e-01
1.134929016681271552e+00
1.380916761348170763e+00
1.836804644279514953e+00
1.149197248520078318e+00
1.846785573036115125e+00
1.172957136418517177e+00
2.513308038723001125e-01
1.525991707394109831e-01
2.369692593492627175e-01
5.400414968414395389e-01
1.144779938348528869e+00
2.966958063092839382e-02
1.206930082100388546e+00
7.159447581101492375e-01
1.863026830639527454e+00
1.870548307190428527e+00
3.948498978078629484e-01
1.958174520238785909e+00
1.599437913270777667e+00
1.741182271634571066e+00
1.234472566121172843e+00
5.576224871285004880e-01
1.504459502158358664e+00
1.068722587778479394e+00
1.887537519043032130e+00
1.429912283585795585e+00
1.894115688058693348e+00
2.769136773641927007e-01
3.383635509164393262e-01
1.854517954169674798e+00
4.855152231462609436e-01
5.235952544535797948e-01
1.539014104085450363e+00
6.776241332365064984e-01
1.996230475576913577e+00
4.478233539837961352e-01
1.744418961712991045e+00
1.105781589649456276e+00
1.122041872534503604e+00
1.759439324714872743e+00
1.753787530366134106e+00
3.630189972026611755e-01
1.865848925462220809e+00
1.681109880575482052e-01
7.426051811274922976e-01
1.182195323856619407e+00
1.921957389498979651e+00
7.142472197331133366e-01
1.988651811135355274e+00
1.840906906809674393e+00
1.350002785260443705e+00
3.408703380883708611e-01
9.861078969230607782e-02
1.821521776143775639e+00
1.474783280463548341e+00
3.434038377501766881e-01
