1.088760361889077544e+00
3.518318932937010146e-01
5.902230127042735752e-01
5.716108910913972885e-01
5.214930321493360665e-01
1.460862223265199766e+00
8.945739629958633365e-01
1.324630849203402683e+00
2.627053232406955097e-01
1.649415174860414890e+00
1.783317206138587352e+00
1.226372698056122701e+00
8.406446734170631707e-01
7.719357002563707049e-01
1.486222975373829858e+00
1.916750816012320335e-01
1.895445793251223865e+00
9.480308961158794290e-01
1.838715291154951359e+00
3.037711713345192521e-01
1.237695128070960937e+00
1.913674520914530941e+00
9.378205672155646155e-01
1.268348373801069240e+00
1.505550873800816092e+00
1.897378341751391417e+00
1.050420731181080924e-01
1.291307856423815625e+00
2.073237174128554905e-01
8.576652720822761644e-01
1.262334042850369542e+00
1.275377313386840683e+00
5.104346958608791951e-01
4.208883918411321368e-01
1.466171313068893589e-01
7.672988771723736612e-01
1.490525055374374297e+00
4.098770002288607550e-01
7.710518036577425072e-01
1.213963559464956710e+00
1.215769006060892110e+00
1.381890180804427271e+00
8.403942956362704386e-01
1.466317344042247228e-01
7.977645753782574012e-01
4.678614782407044537e-01
6.491640755850243139e-01
1.828491542047017138e+00
7.835426298892524954e-01
3.877725651495729231e-01
6.806017815514957547e-01
1.788917432137949071e+00
4.202854745574744477e-01
2.693241664506680344e-01
6.011658792724272615e-02
2.402927990665064684e-01
1.156923703174232543e+00
1.807113794074771018e+00
8.204187739320820683e-01
1.600122083473011880e+00
9.375249318302523172e-01
1.873284598672192214e+00
6.495004497666099219e-01
2.808054079986082030e-01
4.193142807540137795e-01
1.259428181174899741e+00
7.381259335744538852e-01
8.491257755737882107e-01
1.084259737227698750e+00
3.338254118101424694e-02
7.752448132162279570e-01
7.690182594105148262e-01
9.517338484496065121e-01
6.288061083139560026e-01
1.521946646588108631e+00
1.711937626532813894e+00
