7.042958627761328749e-01
3.703243628159809120e-01
9.376014053906569501e-01
6.647328182279927944e-01
1.029642012974444132e+00
1.994979820146538962e+00
1.964402443073266280e+00
1.942586635522478122e+00
1.914607935468321198e+00
1.303189695589504371e+00
8.459202254565951762e-01
4.919092973110994471e-01
1.346913186521887518e+00
1.921838631889492000e+00
1.558181337143775824e+00
1.499682790395625354e+00
1.390500620781244923e+00
8.259128066546677083e-01
7.011884621897483960e-01
1.323098805339929296e+00
1.834897942946274618e+00
1.547887962128738248e+00
3.456862602978807431e-01
8.080239901295809268e-01
1.510894362541796099e+00
1.058452878439945621e+00
1.237847499232239024e+00
1.961068694959564596e-01
4.270421367544257052e-01
1.909182751439081560e+00
5.856307618125207171e-01
7.843951672937792274e-01
1.042858502067106841e+00
3.803930970450641880e-01
1.658719184614564579e+00
9.399237909340105723e-01
9.823014105795233597e-01
2.158291451372242875e-01
3.371952445208230564e-01
5.463165411301482699e-01
1.157663686009078319e-01
1.701644912705194468e+00
1.193090318767834113e+00
1.410650266881777526e+00
8.034513744772864285e-02
1.904892411345161740e+00
1.943720523227113972e+00
2.639918669681153851e-01
1.012156337087784852e+00
1.869727054216962614e+00
2.266390060643774795e-01
1.432334919551153440e+00
4.774255466202395048e-01
9.595333253809634755e-02
4.821784086338434250e-01
6.305236446550126495e-01
1.515895903310358506e+00
1.533774892573470883e+00
1.336518320908917534e+00
1.462783612767229791e+00
1.377039780721380335e+00
6.204610722961323432e-02
1.713017237673882587e+00
6.399492745905637214e-01
1.645130603574403327e+00
1.811541546792276858e+00
5.075173776822516913e-01
1.371143372414501460e+00
7.287871838292097060e-01
1.457983668850766801e+00
1.278515126426833515e+00
1.466884052314005427e+00
8.910405339878386677e-01
1.966303553062572540e+00
2.006510102187233358e-01
1.491011845974790084e-01
