6.584937565814978910e-01
1.573532265879783676e+00
5.081514936427669049e-01
1.505449415335558871e+00
7.777229310479505386e-01
5.994775486178425261e-01
4.857928720575706016e-01
4.500445006828801553e-01
1.244107151752741558e+00
7.687038376164205822e-01
1.894902301687682478e+00
1.438712349999576201e+00
3.453922337469905735e-01
4.370335903018793822e-01
1.750576268970478466e+00
5.815602840006661722e-01
4.378305498677104168e-02
1.635191462000545215e+00
1.068571551192394775e+00
1.494924634411765929e+00
5.966844181935107017e-01
1.553567875906539886e+00
9.805128134118747951e-01
4.117631343268217670e-01
2.063419082446142916e-01
1.386029740222745943e+00
1.693214083561978445e+00
1.045498749253099380e+00
8.972075351283361755e-01
9.700420695297982121e-01
1.235855114535839849e+00
6.175322279285961891e-01
5.964972637842658187e-02
1.040670196004684023e+00
6.090441720369352829e-01
1.522077705742197917e+00
1.163875173600286139e-01
1.296224503311272702e+00
9.485934005727041374e-01
6.613078028875873926e-01
1.384749792741991392e+00
7.978631701251757136e-01
6.157558746668958527e-01
7.317402218702362404e-02
1.966792271710445128e+00
1.974707277748138257e+00
3.650706363143014777e-01
1.899567722012263982e+00
8.366692709793164262e-01
3.074779797476701049e-01
1.261297854174492805e+00
1.858086901475455743e+00
1.973302222682372875e+00
1.811139117902520468e-01
4.858690133638416953e-01
1.592614766250691094e+00
1.099178822496935659e+00
3.487957280782816305e-01
1.766209289466031063e+00
1.558458776665356815e-01
1.864020416357161647e+00
1.464597806814952552e+00
1.142970970291775856e+00
7.401315240647434734e-01
9.729484041035307840e-02
1.520668340795898743e+00
1.860936707042115668e+00
1.917955871717154981e+00
1.805422959189711740e+00
8.452903825769397805e-01
8.899874804262619676e-02
7.849129823986538135e-01
1.928860037468184352e+00
1.255800711588844987e+00
1.530000213059148351e+00
7.537746372337932321e-01
