1.957129009523030039e+00
8.066104750111713351e-01
1.656163992550462094e+00
1.781985484163151945e+00
1.186126617732429445e+00
3.463932376560210358e-01
1.268340228594746044e+00
1.775296740819475971e+00
1.588211177011356057e-01
6.062652789308780044e-01
2.662439220956653863e-01
1.588768788724707726e+00
3.492875362411909101e-01
1.865015778303817928e+00
1.035923350313752600e+00
1.406333358759340513e+00
1.882950794696145014e+00
1.694333781657822335e+00
9.517287458794640997e-01
9.728648128627050973e-01
3.503975498823286294e-01
1.005562066854496894e+00
1.970349974767603651e+00
1.059891882362942628e+00
1.263886880675025637e+00
1.775825607686098984e-01
1.185276139545478280e+00
1.679154489877051848e+00
6.894901609469248349e-01
9.344949290344706228e-02
1.120735769242915403e-01
1.525793972201143323e+00
3.261457366276880876e-01
4.406849067023954625e-01
1.765406594291642151e+00
1.983928735577998204e+00
2.313318882717858571e-01
3.570645133905880897e-02
1.557678606367547403e+00
1.373031070845902590e+00
3.068729186599834513e-01
6.140037157588253969e-01
1.105473610974294640e+00
1.291237268574560115e+00
6.807914405453199258e-01
2.591408993556103546e-01
4.268336218705020002e-01
2.634952117383826398e-01
8.700596181198378964e-01
3.215179285976432766e-02
1.370931198960667619e+00
1.906828420752717967e+00
1.145726082922185807e+00
1.121343926627558663e+00
1.399387880194531864e+00
1.099194174174689564e+00
2.980588222598541392e-01
1.651257159880357150e+00
3.825657697191777729e-01
2.256923524994167707e-01
1.244838592416605660e+00
8.057470032759699308e-01
1.597843856170916510e+00
6.745778601904599547e-01
1.947042483241320454e+00
9.648460868375794419e-01
1.604135237763214761e+00
7.256651995743808037e-01
1.669959122667322937e+00
5.867219164411103804e-01
4.388084017217419586e-02
1.465893880215935141e+00
1.911111154810098522e+00
1.520436669950314457e+00
2.938464332868457873e-01
6.620427252837028931e-01
