9.315783207457708492e-01
1.239108829887412444e+00
5.341217650802869699e-01
1.814290506285167304e+00
1.244403714950182316e+00
2.149643545751502849e-01
1.918327769775346248e+00
7.405120494248711438e-01
9.628796776115775558e-01
2.485094755496231045e-02
6.069982129986533081e-01
8.575750490914777480e-01
1.630918584657824688e+00
1.885788624410797976e+00
5.161850699422387834e-02
1.722077783717172128e+00
7.127059479670281306e-01
5.575760950459685006e-01
1.971261485084211174e+00
1.804483471650373705e+00
1.188126953516468465e+00
1.742336373256554882e+00
1.350201932802569171e+00
1.688681831956476476e+00
8.924847054252018630e-01
6.526270439324117767e-01
2.393421153890633590e-01
9.617194783246874046e-01
1.736836217405007154e+00
1.393828357334848889e+00
9.986805878795537161e-01
1.023708681500484108e+00
4.668491265307550542e-01
1.227363531039344480e+00
1.036876818785741339e+00
1.842584183936526898e+00
1.658834550091924598e+00
1.091402136848063087e-01
1.493917218927718338e+00
6.444590319166443315e-01
7.114258359806284737e-01
1.561555510401641644e+00
7.257746538824059179e-01
1.426523986733296834e+00
1.961400368362531843e+00
4.127785597954436447e-01
1.482982161885908035e+00
1.463600442384225708e+00
1.771374079796353751e+00
1.997678915572744796e+00
1.453815843768113680e-01
1.304687477821304675e+00
2.288143105337865357e-01
1.408148676101803165e+00
1.738622540877785561e-01
1.464908384500959837e+00
9.704571716004428694e-02
6.798524741398783711e-01
1.096574302461464256e+00
7.124447221339385017e-01
1.894655120275554605e+00
4.442923095127682132e-02
1.340160305966332732e+00
1.709792150875788508e+00
1.065574674581120984e+00
1.392899892381875837e-01
5.004884126831328217e-01
1.321408971162396639e-01
1.061042812516779232e+00
1.168123548238739762e+00
1.981617147686968394e+00
3.800152401108851663e-01
8.633334293880565724e-01
3.002603161922383634e-01
7.720618488214014974e-01
1.410333432466416514e+00
