6.119961367299842081e-01
1.390183349053144557e+00
1.652593052979617561e+00
1.710804899885845387e+00
1.389901104628362916e+00
1.731684023793512939e+00
7.912754910488217774e-02
1.494770922458465989e-01
4.186950264816307055e-01
1.328807120006105347e+00
1.378390163357215759e+00
1.378204424968094699e+00
1.045788958945390590e+00
5.183537813498295677e-01
6.415607650091494918e-01
1.810258645425948387e-01
5.322744606812528367e-01
2.759072604025551989e-01
9.570505041114767408e-01
5.314532593081890965e-01
1.340376384404598831e+00
3.508830542690204446e-01
2.359044604447428917e-01
4.992814464392738572e-01
1.331003615775210314e+00
1.116716279532570244e+00
1.873874712883893956e+00
1.900431392760243643e+00
2.696024897148969757e-01
5.867076316458006424e-01
1.301761423238390059e-01
1.414879536264253890e+00
4.496163101786190275e-01
1.783135375783427623e+00
1.306896433003913671e+00
1.118433695896522195e+00
9.463554760515515696e-01
8.223182533400685834e-01
1.927358191955466538e+00
1.298471571764405308e+00
1.452029019161096723e+00
1.775441804125956757e-01
2.357674851328099841e-01
1.288207584732403266e+00
1.906201722537533616e+00
1.162139204132950354e+00
6.941193438915269631e-01
1.216450451609786487e+00
1.257992739115929126e+00
1.561113800530594897e+00
7.080443605581114852e-01
1.502662546419880840e+00
1.716569848045423896e-02
3.625179873871724467e-01
7.199563852361765548e-01
2.398622416659326184e-01
1.967528296579760916e+00
3.573078324326464106e-01
8.731992922937150681e-01
4.638140384397346772e-01
1.628742662649274475e+00
8.515379994269776098e-01
1.476679590129102326e+00
1.830411121432951926e+00
1.151279115351270921e+00
1.561146933321817531e+00
1.056592171876594488e+00
1.073104774165642983e+00
1.004327030607108373e+00
5.187760650438719701e-01
1.499675977354749890e+00
6.431948627497519055e-03
1.192196062381662092e+00
2.844578509931610100e-01
6.095533843604639124e-01
6.086602974593313675e-01
