1.573697344364000106e+00
1.914451258878012041e+00
3.521234668244899169e-01
1.883185790366227241e+00
1.591098997846791541e+00
1.372727260641034341e+00
1.340879935560276515e+00
8.755196073846454041e-01
1.249551418082890386e-01
2.576570789393612948e-01
1.355996299733419175e+00
3.056458752566957315e-01
4.982525808005102697e-01
8.567338261627961415e-01
3.867591780284977965e-01
3.749068530875350191e-01
1.056145080262612890e+00
1.319272280836971678e+00
4.666124849198038937e-01
6.892037362747123197e-01
1.420214641134715183e+00
1.415371807586370601e+00
1.450246476324875022e+00
8.840250098493696029e-01
1.445064741695523125e-02
1.722141107496537593e-01
1.237531241947586125e+00
1.351070591024207346e+00
5.702187741784667807e-01
3.606349397844685889e-01
6.040582850962437078e-01
1.712240526835670629e+00
7.253978240807512634e-01
1.574227864053418191e+00
1.377356579061370212e+00
1.567838002213810533e+00
7.209497018302979399e-03
2.992707552244389113e-01
1.332225048568520975e+00
6.905518616499710660e-01
3.946699644609239499e-01
2.191192836912021491e-01
1.328082166126440811e+00
1.327510294578043926e+00
9.768765386402282758e-01
2.256145391341357609e-02
1.531275690353059993e+00
1.826421098163787171e+00
5.168112116918637255e-01
1.959507356293770375e+00
1.233954740945049089e-01
1.543775688756206854e+00
1.703588461480386673e+00
1.100945306314845329e+00
3.363660529610994487e-01
1.380428040886269248e+00
1.309400081060242638e+00
1.867637224987535927e+00
1.350659151814275205e-01
1.312990156869012548e+00
1.115721808781170221e+00
9.184471335700146177e-01
1.159801828646692901e+00
7.941677681103258557e-01
8.429168997625557935e-01
7.190620209013687258e-02
9.038919847324664580e-01
3.593261026079361820e-01
1.567877741262945435e+00
1.853514108169268315e+00
1.268599847897032618e+00
1.804722556123615984e+00
6.009957816639626138e-01
2.229801742999120151e-01
4.310706935263342032e-02
1.586149992591036284e+00
