5.274692921774191134e-01
1.815420052262202599e+00
1.059180421918478388e+00
1.346425480980868894e+00
1.827148654120143156e+00
1.853379812760605372e+00
1.577017076281357788e+00
5.513475987382303600e-01
1.114981436531516046e+00
3.555105155492235269e-01
1.812683264632999780e+00
9.731485323053767900e-01
5.515905057602621397e-02
8.042760423819426130e-01
2.984992419960468268e-01
6.848231960674988628e-02
8.785966543581227306e-01
3.210160437952316315e-01
1.821811329369944055e+00
1.921330853782337478e+00
8.703107126942510874e-01
1.897022310665930078e-01
1.864553538297377244e+00
1.098011116226391692e+00
3.575259264794148351e-01
1.594422879302039853e-01
1.985339403284627657e+00
1.234596345220341895e+00
2.861996412880705165e-01
9.159081030869344886e-01
1.638495999326665675e-01
1.556771097312276808e+00
1.744158047258643762e+00
4.760904139807711211e-01
6.596064833211165990e-01
1.352581827066741127e-01
8.566823033479353811e-01
1.585965640362747564e-01
1.418485749672170115e+00
1.562265363668227991e+00
1.773752475710057119e+00
1.508604252543349400e+00
7.173750774601281854e-01
1.271904624789171656e+00
7.242507937856572653e-01
8.194808475552672888e-01
4.294200693264915714e-01
1.305067110468288050e+00
1.302448023954382972e+00
1.308408288880221981e+00
3.524312151947173177e-01
1.836236571505255100e+00
1.942532590943898185e+00
9.809309192376658437e-01
1.645670611940442729e+00
1.480145208872666540e+00
8.489878684658780372e-03
6.970192662362513225e-01
2.096632428800901948e-01
9.058906717386436824e-01
1.709610260356698497e+00
5.243530416118975523e-01
4.833210450964182670e-01
1.880248146011622712e+00
1.591165288112953657e+00
8.368008634234027632e-01
8.200599781272841504e-01
1.713436483198776727e+00
9.082707941147969422e-01
1.499053205659016452e+00
1.149096007385235207e+00
1.078854353225180418e+00
1.582300191077042228e+00
1.073551709980382629e+00
7.986658092518306162e-02
1.150136054908766248e+00
