1.580630286930793105e-01
1.435325329934203253e+00
9.887712242760309245e-01
1.982016172855478597e+00
1.572553073218601938e+00
1.946738024385994414e-01
6.935002774943832549e-02
1.742213823831215702e+00
2.164418452061291909e-01
8.577656944902329883e-01
1.646604233914570337e-01
8.294650444399489508e-01
4.861269404219359380e-01
1.751532534142667963e-01
3.388914710250112705e-01
7.445396900297485132e-01
3.912650919809976813e-01
2.172926114364779338e-01
1.248215364359530621e+00
1.166773437306287686e+00
1.208248310488215349e+00
5.922632765394308940e-01
7.607202039907190461e-01
1.103281166113271539e+00
2.468207550758600988e-01
4.958721605997356008e-01
2.386622569921894588e-01
5.800877565695836680e-01
1.446621925871479863e+00
8.979224928370319603e-01
3.756030791660580626e-01
1.969760117290527024e+00
8.188356815853294890e-01
1.503685498795239273e+00
8.888031295313556512e-01
4.674471550213299409e-01
4.730971603158224958e-01
2.008605740543409901e-01
1.053078878450773637e+00
3.676922219568665717e-01
1.996649426415295636e-01
1.747133271997020287e+00
1.506722491174012912e+00
1.933014276513903784e+00
1.042274832847375432e+00
5.180502288656141374e-02
6.938245774641500496e-01
1.071735470099738130e+00
1.746235814697856270e-01
1.296025862868644740e+00
1.133309963707962442e+00
5.017616215932676482e-01
2.750112210321988826e-01
1.699923121896579570e+00
1.069243763130947045e-01
8.585931704752520766e-01
1.832862021877562864e+00
1.479183605800311163e+00
1.485396796007144804e+00
8.106047239662084181e-01
1.432344142327499181e+00
1.991267851159818747e+00
3.817555661760487773e-01
9.005750077666863085e-01
1.368910584806174224e+00
1.895797652149261214e+00
1.458864534706435734e+00
1.554452013612023453e+00
1.673095013565873757e+00
3.922630302561680438e-02
4.933947360635957402e-01
1.858754120060597259e+00
1.208607584238822419e+00
4.271021496155822383e-01
1.001454244463415133e+00
1.789138484021356668e+00
