1.260071743557176216e+00
1.405222263040299957e-01
6.986566317901155010e-01
1.936554199951093569e+00
1.808687206801565139e+00
1.770620961434206109e-01
1.907608652728253418e+00
1.065336586641816741e+00
1.960166460032527258e+00
1.591281189898931192e+00
2.175718674134046182e-01
1.000165267612723508e+00
2.635275134729635482e-01
1.447151101660422157e-01
1.153893090743264960e+00
1.616498071360193745e+00
1.897622591730772079e-01
1.377411585297869667e+00
1.115972061912295477e+00
2.100414817198164030e-01
1.181070702763285851e+00
3.036558408975400525e-01
1.529726129453106154e+00
1.657042804494924582e+00
7.566081646291413776e-01
7.262152912031538676e-02
1.143372119665880149e+00
3.042692459337725808e-01
9.651583914219412641e-01
1.551543560647407727e+00
1.773294330068796665e+00
4.801403300568929389e-01
1.942731464847088585e+00
7.183578612290331122e-01
6.362416434415116839e-01
5.232066686249217113e-01
5.098541887231098357e-01
1.251114838515080763e+00
1.531836460644960596e+00
1.214154376205582864e+00
4.372432660858591724e-01
1.130161481320547168e+00
1.975069919122497186e+00
6.609766272481492067e-01
1.603983226724934319e-01
1.930924403878173656e+00
1.678237797883825433e+00
1.253606513184113869e+00
1.972044338660289942e+00
1.551672744417451622e+00
9.481578167863622397e-01
5.505742936280424438e-01
8.203594139814018860e-02
2.826235816083828567e-01
1.458161355664770120e+00
4.096054234671511196e-01
5.630764542632533676e-01
1.480690497695091867e+00
2.043607142091032891e-01
1.018266024365286793e+00
1.871470523004607145e+00
1.406581532519246558e-01
1.825996193924281918e-01
1.568910288471408787e+00
1.578088745839596463e-01
1.087483321362282762e+00
5.112576965208757152e-01
1.636863675825705577e+00
7.753164796700326988e-01
8.766646467873622228e-01
5.429945321060132279e-01
1.799923438557987865e+00
1.031050102947931979e+00
1.314608547238148351e+00
1.731590137886509062e+00
1.642960090852935817e+00
