6.296036856904709822e-01
1.222579740289430728e+00
1.596921802277808666e-01
4.125282671881613794e-01
1.047747439602251696e+00
1.307962517871093855e+00
5.230943402850058987e-01
1.768772398695232173e+00
1.243740718145406099e+00
1.964331484003460027e+00
1.581243307357717232e+00
1.099822115519515364e+00
1.522517007125476773e+00
1.505541377698385030e+00
9.059923588774010383e-02
1.611302667135569244e+00
1.926536387781038417e+00
9.770121802327267346e-01
7.291829302829424542e-01
1.425430862001874743e+00
1.264786389237706477e+00
5.441560354511660869e-01
7.381238618567094179e-01
4.754429326972715586e-01
8.806032466565971717e-01
8.581474662122605679e-01
1.884935192949869887e+00
6.229722139850917273e-01
2.211636223314075167e-01
1.139607444504187050e+00
3.080917657611990101e-01
1.392998532084325891e+00
5.683707896380907343e-01
1.946022858411566858e-01
1.466828059195308676e-01
1.887427276198718307e+00
9.234338358825451287e-01
7.153253523209093245e-01
2.732762361233396220e-01
1.797957368610735962e+00
1.865253622753535900e+00
1.070969458188963941e-01
1.171580213861548092e+00
1.909051296289834276e-01
1.046904933898889389e+00
3.297678254272029541e-01
1.645407737305437657e-01
1.170142956316849947e+00
1.271141408661776495e+00
5.148731030903568318e-01
1.372612888703042433e+00
2.745373413802800755e-01
1.973883392045028273e-01
1.503274712476609931e+00
1.480746140324477267e+00
4.867044085951239829e-01
8.556972839511023388e-01
1.669599272053885031e+00
1.163493832964295649e+00
1.905467943888794924e+00
9.439725943967753885e-01
4.216590051876893952e-01
4.626221932071090670e-01
8.754199752818925262e-02
2.592838104074339789e-01
1.880089857935250297e+00
5.563935647196158740e-01
2.491690956477810026e-01
5.045059649989709349e-01
1.322926361566885145e+00
1.660777966690008878e+00
1.486574775089629874e+00
1.417030327891082297e+00
3.370338908383190279e-01
1.563920758399305999e+00
3.223722383333718078e-01
