1.091718577042977145e-01
2.375821305960150731e-01
1.398606220754008422e+00
6.592094145210043443e-01
1.511696582588629933e+00
9.288599761369749075e-01
1.127415687244288200e+00
1.133261765857398906e+00
1.299750030737214956e+00
9.363281972822261601e-01
1.038326447599648539e+00
1.059643084291708170e+00
3.468054312958046559e-01
1.427896003418149373e+00
1.298694516509383057e+00
9.287479651095642552e-02
1.581329735145979853e-01
1.284595223095632566e+00
3.100115339389879487e-01
6.545447059223454822e-01
6.798773092848837685e-01
1.194910437029767181e+00
5.992088018224097645e-01
1.859452057485864174e-01
1.926271302992081491e+00
9.811155182613462422e-01
1.377065134088290232e+00
1.286514823144829567e+00
9.164408626297095850e-01
4.008507655819792959e-01
3.962154891387243971e-01
1.524975140337537116e+00
1.234321109929024107e+00
1.340367612203688719e+00
5.419371387001121754e-01
2.418536773665547202e-01
1.318153615730477402e+00
1.506814880091413844e+00
6.628679371963341893e-02
3.206474222379549488e-01
7.826008302966900310e-01
1.323745127956220902e+00
1.158181411964600560e+00
7.993512038958354715e-01
3.523079859999009855e-01
9.909736778138906743e-01
1.527455993096211273e+00
4.244087478382048140e-01
1.972337941089123969e+00
1.572452956330513629e+00
3.985365425243481141e-01
4.758654988185577750e-01
2.458300671317719122e-01
1.620292429248068711e+00
1.079736182634142061e+00
7.637626217435293796e-01
9.535286562280811395e-01
6.626377375124463676e-01
1.937997737205807702e+00
4.087133031329139854e-01
4.818259928873747100e-02
1.742234304630269737e+00
6.823564069102205920e-02
1.162814001765998473e+00
3.791902131171105417e-01
1.210654210426885591e+00
6.388274830761426770e-01
1.604600272614449707e+00
6.925549955144871817e-02
1.906787173180386930e+00
8.601700967484506855e-01
8.933849269598326259e-02
9.754255896297583384e-01
1.382019155830753299e+00
8.263153356726600229e-01
1.779481138219196623e+00
