4.515644168696275607e-01
1.341786677348546952e+00
4.878349565888675521e-01
1.644992406389616857e+00
1.515797630331636725e-01
5.922265439087692762e-01
1.928036038728122570e+00
6.743959285364362621e-01
1.999126798556376983e+00
7.712021297638962380e-01
1.659660534788441222e+00
1.623884241128496608e+00
1.786112846249903185e+00
1.633344866719674826e+00
1.991510191330182256e+00
1.625137130980406130e+00
8.044010750679020383e-01
4.715138361749331430e-01
1.567945039770249682e+00
3.354051269297499971e-01
9.276507234518178713e-01
1.909204616165750767e+00
8.757746538991177943e-01
1.331480301272111255e+00
8.411233452628783525e-01
1.885398730527001465e+00
1.767738956070394885e-01
1.978474738548284595e+00
1.460730337524218658e+00
8.383515930252327664e-01
3.658933557830787997e-01
6.820754897162739638e-01
1.001859541333429249e+00
3.263525204806367874e-01
1.521538554863037795e-01
1.965073297493229898e+00
6.708557483762183082e-01
1.666873134160430148e+00
1.538387737180446635e-02
2.300681700111470995e-01
1.680731599213566074e+00
5.526289614825765639e-01
1.046810926222931926e+00
9.208346590047402636e-01
1.189188222697494357e+00
1.388204690280248510e+00
1.096556193771248022e+00
1.715650996381351767e+00
1.572669279755006144e+00
1.331703111858757893e+00
3.725331716774067381e-01
1.516584823169413898e+00
1.646245979236117929e+00
7.303220989775702776e-01
1.288093406276947572e+00
1.413992795811260361e+00
8.884396875545088612e-01
1.106245329881543782e+00
1.731203315837392953e+00
1.515928516759956768e+00
8.050940270587827463e-01
9.780148938301902461e-02
6.096377615315562437e-02
1.905182547792351411e+00
8.416170603859871591e-01
1.242068505898655584e+00
1.629566042003269821e-01
1.277930295878182854e+00
2.000352796651068132e-01
1.209658136753088531e+00
1.438882659298870603e+00
6.972435501993889950e-01
6.279353623588201927e-01
1.487391438492416729e+00
1.265580640749585761e+00
1.248991318813169826e+00
