1.302587228375773343e+00
1.744409156890775581e+00
5.855317145483764918e-01
8.921585696325697867e-01
1.171714596360659666e+00
1.034512490106169302e+00
6.997606031322529674e-01
1.917402606020973455e+00
1.428675267863913412e+00
8.718932583507230660e-01
1.665416281407140264e+00
1.168006716887525887e+00
6.184927514956761740e-02
6.070784971551703713e-01
8.496800368735972775e-01
4.666608488191510418e-01
4.297391167174264837e-01
1.937668685662339296e+00
5.963581190499311901e-02
1.991483232981594576e+00
3.775368902517151071e-01
6.311873975787665181e-01
2.665427057477285366e-01
1.415719995175444890e+00
9.928779345171068194e-01
6.409238374682417749e-01
1.862115540677483860e+00
1.617122470914615473e+00
1.037131040661694037e+00
1.365315149138857986e+00
1.324678945489877968e+00
1.197570760690404246e+00
1.896656009315935698e-01
3.737995193136285366e-01
9.463846672780151792e-02
1.867716954873724688e+00
2.361022095774996110e-01
1.495249487982231340e+00
1.391976994145475377e+00
2.842946846606535516e-01
4.690009393231364676e-01
1.350992043731027881e+00
1.681395751358917501e+00
5.440287353644333024e-01
1.977057029619968986e+00
1.063610657782987801e+00
9.411235730965228363e-01
1.412674020963335941e-01
1.537765164621500702e+00
3.256683662029091764e-02
1.791309578354695731e+00
2.247605934717933351e-02
4.826984187107665747e-01
2.693947929944204844e-01
1.422952475373773229e+00
1.585608652547405129e+00
5.030216870893955416e-02
9.639966146089538057e-01
2.447120739595063377e-01
9.461375282691970590e-01
3.753871866841280713e-01
1.701492970843931918e+00
9.239421832092760134e-01
8.515327652648889689e-01
4.147996581282953343e-01
1.061316270640350723e+00
1.213619648728244016e+00
1.957351229353218258e+00
5.537779248968592860e-01
1.765294618993217046e+00
3.059449701373053720e-01
2.172071176087695399e-01
8.009367955828672336e-02
1.957170155464171835e-01
9.973988628739149931e-02
1.701506472866368469e+00
