1.676394503497810273e+00
3.608476997572673817e-01
9.451652044188056934e-01
1.061214640240552676e+00
6.973537267615390611e-01
9.114091150417378273e-01
1.074143668303912946e-01
7.026782968164284604e-01
4.301586380250048691e-01
3.091413714867505824e-01
1.593305616931715463e+00
1.592487184114544707e+00
1.944673493881723392e+00
1.434406256753697928e+00
9.588260368432890424e-01
9.533003531411923248e-01
5.719724240501378176e-01
1.241887011814672537e+00
1.191191246453282560e+00
1.242183023474409342e+00
8.579095810294776747e-01
1.505198651828592027e+00
6.473998500452928795e-01
1.620358009431788648e+00
1.669930183019518566e+00
4.704131442390040441e-01
3.349909821779983865e-01
1.750245556867331853e+00
3.622160384646906373e-01
3.980751445030574764e-01
1.855192248974371960e+00
3.261261419054615196e-01
1.099354870404698481e-01
7.426739717211443548e-01
1.535838530569186844e+00
5.971281833301103070e-01
1.607815621744003831e+00
1.401166413088020146e+00
3.081457384722683379e-01
6.425932102690126158e-01
1.079435913010927894e+00
1.346278927644690704e-01
4.819856955738113236e-01
1.836824211157928488e+00
1.178391184818973425e+00
3.832112904371327566e-01
8.668717395529981218e-01
6.276942484321379467e-02
1.382295019961308657e+00
6.855266884179211928e-01
7.589071583290230016e-01
1.491061756791982607e+00
1.040092249273632863e+00
6.608490653145770999e-01
1.246540463165414003e+00
5.658281069016095621e-01
1.174372560303176716e+00
1.728063950109257618e-01
3.165618105380700875e-01
9.619462293670824060e-01
1.996257231328908421e+00
1.288810641041965965e+00
8.061986250567043655e-02
4.957336274586272573e-01
1.491255947417249317e-01
1.553197735736289165e+00
1.157155482434259586e+00
5.123665615826928921e-01
6.627774796358991694e-01
9.732435365925482529e-01
1.384035764983893912e+00
1.383236435543917953e+00
8.529696132187591928e-01
1.426767157440949063e+00
1.532568412708194217e+00
1.751509474558978319e+00
