2.440580083051036020e-01
6.590998051185641415e-01
9.334958111357676280e-01
1.271812594623634052e+00
3.397027787778128527e-02
1.162867912812992621e+00
1.850191354268374333e+00
2.557108593904460214e-01
2.146209464907964382e-01
4.795718563843434090e-01
3.678109340475752553e-01
1.827389673693291972e+00
4.279139109423639731e-01
1.027077427996712089e+00
3.881227934103055333e-01
2.654280153132764219e-01
9.744647999908901959e-01
5.328342080325101371e-01
1.697788768514256752e-01
1.751194851854503298e+00
6.251803082895013297e-01
5.163355405820597710e-01
2.165503017547587561e-01
9.423189707980252905e-01
4.699571194049863010e-01
5.791719867930313903e-01
1.944338203936935017e-02
1.373756677681460037e+00
1.702968611253558251e+00
4.521585762048898616e-01
1.752669985509673900e+00
4.226644265273282741e-01
1.732498894450448024e+00
7.109021780463491424e-01
6.386918144237352379e-01
1.346562803252795870e+00
9.048180944929771208e-01
1.012218886095463066e+00
1.052439168612186560e+00
1.758360810916149042e+00
5.071224913021272762e-01
1.797597253795226280e+00
7.322566722679071383e-01
6.901422307169919890e-01
5.787075252021427474e-01
3.612442517112990359e-02
1.761985423253398242e+00
1.645777755857862790e+00
8.946377835983736482e-01
5.733045227741504490e-01
1.108124727968079704e+00
1.128170054371345543e+00
1.501779652225800454e+00
1.305595665694460727e+00
6.356896235294069442e-01
3.427559568960476533e-01
1.982176798760386660e-01
1.303815817135435040e+00
1.138150425002303123e+00
1.367890489013108279e+00
1.709222176863451459e+00
1.672304167133150443e+00
1.777532548971976212e+00
2.323020848631234259e-01
9.849022682880783641e-01
1.880472913774016153e+00
8.857731065225520339e-01
3.453013423609374577e-01
1.597670374090756074e+00
1.262462426775348145e+00
1.172944139533381502e+00
1.617126289143948181e+00
2.398506574200900410e-01
1.729833890758035952e+00
1.482310584601107983e+00
1.301805741457496168e+00
