1.238078630539066527e+00
1.547103595382825159e+00
8.543526533289762526e-01
5.711526854929203090e-01
1.608581920843641822e+00
1.143102449183149627e+00
4.782775962632488387e-01
1.637966550269322141e+00
1.951482106985491960e+00
8.437230108227526948e-01
7.743172306028358598e-01
1.265556132752322149e+00
1.328637453295183679e+00
1.933727767551634003e-01
8.932411111744569254e-01
3.065465153504427498e-01
6.913213269467690658e-01
7.004167706230202128e-01
1.617931703004641619e+00
1.743023763597255638e-01
1.504588703194396526e+00
1.074292049570122032e+00
1.107915623742966371e+00
1.000065326540636956e+00
5.482606956134512544e-01
1.645143252607891071e+00
9.435427357948600324e-01
4.233544213030753234e-01
7.214572476413105839e-01
7.043012542320523650e-01
1.363245286825010005e+00
1.656098813348115151e+00
1.980269105613174929e+00
1.100391116755803811e+00
1.762756733091307204e+00
1.695000578479016973e+00
3.925775556124193599e-01
9.048233016615911950e-01
1.315544527990857304e+00
1.811792010301666700e+00
1.844265637346415687e+00
1.653358723882347725e-01
8.186600867302833429e-01
1.132954482093376569e+00
4.774234311918448270e-01
1.247601661476549495e+00
8.575887562516055773e-01
1.095911262728054947e+00
1.682749960125289324e+00
5.911720179519996954e-01
1.701375362057380158e+00
4.034455844090061305e-01
1.321391559235956858e+00
1.222426657879219558e+00
7.863759193985102591e-01
3.586205670203925777e-01
3.817735861654991680e-01
8.704598921420712010e-01
9.892097386697700223e-01
1.142594500488353315e+00
1.425508078818706004e+00
5.646390033434727229e-01
1.529970934900402924e+00
1.714906864981906143e+00
5.625654588638480114e-01
1.795391305911912205e+00
1.056968497835276910e+00
1.155708170509969879e+00
1.030135313372760653e+00
1.749203012261130841e+00
1.694993253247890852e+00
1.201314507226984407e+00
1.874870904104287916e+00
3.036103356516228757e-01
1.564977956825816197e+00
7.921718481223392061e-01
