4.878019638416177806e-01
1.840059476063373722e-01
5.956925036244729021e-01
1.636276058752103246e+00
1.451547932217263082e+00
1.036723762873261734e-01
1.749156894767622816e-01
1.389640840046508341e+00
7.110322120583587591e-01
9.366616662594102749e-01
2.465555802951224784e-01
4.703994145355245848e-01
1.804659418438111285e+00
3.935269207925986557e-01
3.162873700787325326e-01
1.858364544992576306e+00
8.830382518621426868e-02
5.352050694985601709e-01
1.932693421044184401e+00
3.477625119732947745e-01
1.366179814369826939e+00
1.227520922927703317e+00
6.615681823036774212e-01
1.683524364472946733e+00
7.159470583569227387e-02
2.419380355958322681e-01
1.428647763490274336e+00
1.324021958470321003e+00
1.688253700284480185e+00
1.321656495970722212e-01
1.361057002970653684e+00
4.600064724932426685e-01
9.521732471055024405e-01
1.607517026403566973e+00
1.096081027093864790e+00
6.584199250557398742e-02
1.162252599087349569e+00
1.832695543048217690e+00
4.139201187130883142e-01
1.009837681387043329e+00
5.825962008802019199e-01
1.435134470658218309e+00
1.550128095249201365e+00
1.176163556014255818e-01
1.208508065313232738e+00
1.452186421000984939e+00
1.353554793376934295e+00
9.603965411074453229e-01
1.332950893907612233e+00
6.664116620745024200e-01
1.195162597940838900e+00
6.982399898650868408e-01
1.013270196241951027e+00
1.599151071802430213e+00
1.388372008102721988e+00
5.630265585319085275e-01
8.298784777861452078e-01
6.286871850854764965e-01
1.543125010469951874e+00
1.228574373823166255e+00
1.877570111633775074e+00
2.530794838616694520e-01
7.394421695918498294e-01
2.122312844895763995e-01
1.755574487087312896e+00
3.938087142240358496e-01
2.242665185283061469e-01
8.909770756158117422e-01
2.970053113607646900e-01
3.337096220527571155e-01
1.990287697539655287e+00
1.860003367802974594e+00
3.224087717122214869e-01
1.229975415265559313e+00
1.944461018208709646e+00
1.603611551861907181e+00
