1.913590902841977304e-01
9.687622605606276416e-01
9.101123350416355784e-01
6.209265167252371320e-01
1.389213614904250882e+00
3.059149372334979411e-01
3.315669914378505112e-01
1.959894931488527448e+00
1.652743071162972477e+00
1.014405396666242520e+00
8.450198081307269682e-01
9.702236265081549682e-01
4.985330222427908353e-02
5.043891330348175828e-01
2.115244239876798993e-01
1.391235428006745600e+00
8.429437086592468376e-01
4.138906689042380904e-01
1.107711051230875210e+00
1.005921468814787723e-01
1.942964356924880232e+00
1.962341188886443266e+00
1.171747142940091635e+00
1.764185825055268886e+00
1.579321506953141441e+00
6.535266800950836341e-01
1.084170507694784291e+00
1.060333505614658556e+00
1.735596209744199925e+00
1.783485520087610077e+00
1.026610597057957097e+00
1.048176735806576776e+00
9.866315916836323474e-01
1.005072488679144449e+00
1.256849172048517538e-01
1.415772855628754545e+00
1.144708532393306832e+00
2.600393860399226043e-01
1.361103421745351483e+00
9.872560111172066222e-01
8.245562006027946644e-01
4.239914693190174333e-01
9.033975364247961437e-01
1.087586272265436360e+00
4.895837605593662545e-01
1.585262093885747792e+00
6.542947088383943566e-01
8.041735368438223119e-01
1.734643658034015434e+00
1.202606692880650030e-01
1.027071369076763219e+00
9.437449842017686663e-01
1.010964103558720684e+00
1.196433907064875513e-02
2.268099921579316280e-01
1.996697864846887160e+00
1.270788789160994803e+00
1.172920837043978537e+00
1.977462891804212308e+00
4.193660973548722914e-01
1.182497838103543586e+00
1.709336505129301020e+00
1.874743715546469236e+00
1.993008505793367302e+00
1.863529827197293542e+00
4.739500276611909868e-01
6.510233532276554769e-01
5.472979266502875362e-02
4.920621141847143498e-01
2.467497287558688690e-01
3.819793219208826862e-01
2.064288365302608952e-01
4.468327877157385331e-02
6.019007376733838122e-01
9.931843587495552406e-01
3.882469793914355982e-01
