5.055810870640842225e-01
9.780473912337046549e-01
6.867973512343494846e-01
9.587781606968537318e-01
1.610670247125284948e+00
1.753498442139478808e+00
4.463896162395344369e-01
1.390863957016068575e+00
9.330763305630158655e-01
1.176572443659629208e+00
2.026928482903396223e-01
1.840120993903585411e+00
1.984074072233691144e+00
1.711254065374564259e+00
4.512908781615259102e-01
4.749627526954980361e-01
1.671450590485243914e+00
1.326826943139881365e+00
7.644659653334162641e-03
1.198826899557742909e+00
2.538529731361793829e-01
1.281140904656266510e+00
1.071668466094771066e+00
2.565659062907532650e-01
8.427262346384054581e-01
2.234843694661412528e-01
9.990058161713091245e-01
1.026303217883312691e+00
7.364814363751439608e-01
6.398542726678719816e-01
7.953326835718819154e-01
8.790703683365883592e-01
1.595414872391058836e-01
1.785647218003054704e-01
8.602139726621564897e-01
1.024954754891713726e+00
1.664802089145525965e+00
1.703363844435175078e+00
1.551821115650031668e+00
2.669918381938387597e-01
1.678828393531748286e+00
1.008175318904424689e+00
2.088714208682160844e-01
3.772205472537240034e-01
1.705640860654866753e+00
1.586482985482621455e+00
1.205895408095876142e+00
1.453376902528592307e+00
1.300661902147675519e+00
1.007962432119568152e+00
1.618177120371785183e+00
1.244945865597216539e+00
1.915734595405147456e+00
2.698565629484703798e-01
7.886525974797318206e-01
1.412605566937878976e-01
3.123044409303799007e-01
6.013564851727144500e-01
9.651769817850763822e-01
6.770540794059103362e-01
6.817735758013050429e-01
7.003987693790318936e-01
7.828852863375108662e-01
1.820634251153370631e+00
3.366696619093652032e-01
1.703602627165422323e+00
8.186768187954251985e-01
3.605971928386306757e-01
1.423756216582096279e+00
7.611824184271860361e-01
3.880728231981414034e-01
1.836561372435475015e+00
1.301658418250237315e+00
1.402952085786976166e+00
8.904971799322574100e-01
9.029415219549670191e-01
