5.176959208431402004e-01
1.801556319970444964e+00
1.709081936189824624e+00
1.413142348197033993e+00
4.489419430466190519e-01
7.269915752798494779e-01
1.503890685289611007e+00
1.690602157649531812e+00
1.777832576113122620e+00
1.131564861827369484e+00
6.550384849887076477e-01
3.738218385342837458e-01
6.697534329366980899e-01
9.548194501842504067e-01
8.666812055759436362e-01
5.505591962846612120e-01
1.909789596563820080e+00
1.811922040112509347e+00
4.383130083053554671e-01
6.710061138610212694e-01
1.116987216697521212e+00
1.924417702681064934e+00
1.325501258797545656e+00
1.464841859347170594e+00
7.839963528292419603e-01
1.578744962876511782e+00
1.715062164766579134e+00
1.703639917605956455e+00
4.013905688368928359e-01
1.438657270936216648e-01
1.084323322078193819e+00
1.797326357979387446e-01
1.838905226074033283e+00
2.027995204883574765e-01
9.719079269492083561e-01
9.764191321142581259e-01
1.840962172575121070e+00
3.651996866568807398e-01
1.069568208507269524e+00
8.870014412316313823e-01
1.874266695144227057e+00
1.057385018828577383e+00
1.170942105857776028e+00
2.929807452624855202e-01
4.123646668113982727e-01
1.892485042951443486e+00
1.618616761868136855e+00
1.144618372645147097e+00
4.909971250488260885e-01
1.931010633850480662e+00
1.076318532001931505e+00
4.521208481626017850e-01
1.516349277452503141e+00
1.354743920027643878e+00
9.865676926875170949e-01
1.503507111226759729e+00
1.331370196923982618e+00
3.002487350187048598e-01
1.656235582554866692e+00
1.710303683912365091e+00
2.439871048945629894e-01
1.633199530846246361e+00
1.850512427259908055e+00
1.156443686326424469e+00
6.594951156713997342e-01
1.188748989920159538e+00
1.390044734616280309e-01
1.858473544357176266e+00
8.612591925079984279e-01
2.925163721559242980e-01
5.593521822999516502e-01
6.232107081229401047e-01
1.648877424701473693e+00
1.752820964626206290e+00
1.163101157624527371e+00
9.741974904186276873e-01
