1.537104068879489915e+00
1.616097416520980268e+00
3.813955810201132834e-01
1.136389391624547329e+00
1.584626313954620169e+00
1.481893637708487255e+00
1.958076910636386003e-02
4.207711139208760720e-01
2.726132255510513858e-01
1.704960473820626987e-03
1.265893623851207739e+00
4.330386349516186506e-01
1.269056879288821271e+00
1.347874822783423632e+00
6.001244283065640950e-01
6.445158529472170272e-01
8.273771202152864213e-01
6.902346219612511824e-01
5.645448113265874035e-01
9.757973886857103096e-01
9.565608611300580044e-01
2.040492955209698422e-01
2.129408264353518376e-01
1.999316221975388164e+00
1.617413965739097126e+00
1.552766668915921855e+00
1.757662673920915353e+00
1.331516214860268832e+00
1.207587387378352251e+00
1.705148272559614320e+00
9.168885348987454442e-01
1.552920953647464852e+00
1.625685882647232461e+00
1.945954937247471150e+00
9.159656920324046325e-01
4.303460542964376856e-02
9.496557967943717316e-01
5.475092802157535132e-01
1.652574724427446018e+00
7.727896816035584315e-01
1.805244917860301612e+00
7.256498552143484382e-01
7.049870439767822461e-01
2.378796791106427833e-01
1.635027284183706797e+00
1.299917989735858814e+00
5.090837265394672073e-01
1.647261090946218864e+00
1.544045443650403637e+00
1.704667576664553597e+00
1.473484529066979132e+00
1.818457367824336313e+00
3.310648428947216004e-01
9.133804463336079316e-01
8.984288861031477502e-01
1.806326742476052960e+00
7.943504173991504658e-01
8.143672939817090395e-01
1.008410497126168259e+00
8.451755038963675304e-01
1.972110359265959900e+00
1.692313474939246110e+00
1.425804622446957381e+00
1.234536853771889930e+00
1.834341730466147791e+00
2.828625989128390472e-01
7.669051905234529620e-01
5.958736611786754622e-01
1.004245012183772712e+00
7.060776613492572018e-01
1.980646650867771363e+00
2.688950170778685589e-01
1.124595613553061479e+00
5.007746201141043407e-01
1.889645208829237255e+00
1.247183851684624312e+00
