8.454050893041564763e-02
7.265560388132112912e-01
1.835247761802488942e+00
1.497776592472164214e+00
1.146591710672082876e+00
1.692171261221242506e+00
1.054005282292433954e+00
1.226397323491240421e+00
7.637491193066940909e-01
1.905984502221397037e+00
1.409566965997850474e-01
1.651555285925073946e+00
1.959295182671048074e-01
9.202133748708964944e-01
1.300389647048329156e+00
1.362217586260605628e+00
1.261992888010614600e-01
1.370020380841683760e+00
1.399010493891805762e+00
1.580570832485574506e+00
1.145115137239127279e+00
1.688021926245597548e+00
1.589565398215367242e+00
1.091575245478690892e+00
1.079320197780457846e-01
1.406577044117532704e+00
3.024081480360965024e-01
1.239293614286164136e+00
4.715567435573175814e-02
1.231583986565906397e+00
1.031389934728870639e+00
1.706066623902031676e+00
4.872515986306305003e-01
3.088111698011881678e-01
6.719156115243642979e-01
1.245605501526468650e+00
5.204641971883257057e-01
1.447907504383402877e+00
1.084057025076784697e+00
1.909936386152064625e+00
