1.598138065909164851e+00
1.687385672286708882e+00
1.192628004836695510e-01
1.138714192910375900e+00
1.037648892582022864e+00
1.868096726926814721e+00
1.463895711355220453e+00
1.046695489545374613e+00
7.734159863190184225e-01
1.621262484188226605e+00
1.215589570015093379e+00
2.794539951643888465e-01
1.968744844626240109e+00
8.926967720941769713e-02
1.977245275447665929e+00
1.449214751892196062e-01
7.396710730298194925e-01
6.175877236366553724e-01
1.441428860616543961e+00
3.441141698746190691e-01
1.023946986978130802e+00
1.299614631470267678e+00
7.233142271420760494e-01
5.378527708003870700e-01
1.719970743792007983e+00
8.772750555928032767e-01
1.650797685165852347e+00
5.435278816278952263e-01
1.374374696925613204e+00
1.268602800886925674e+00
8.997719434910624869e-01
7.018732514358738683e-01
1.658071136136187285e+00
1.562713990421748633e+00
3.968704124938553512e-01
1.018771215421292453e+00
1.458203083833055747e+00
2.831840052891552162e-01
6.836563798750527887e-01
1.095478340432910258e+00
