1.267022451856967713e+00
1.000833839259073432e+00
8.942930878425547903e-02
6.282712094313560591e-01
3.628856700562104187e-01
4.338981514173458898e-01
7.560606961342890564e-01
7.827301978303173868e-01
3.315533742825675922e-01
2.392082353348201629e-01
1.114155717225373987e+00
5.007205692029201849e-01
1.965623844386950925e+00
5.698521279064165945e-01
1.930298489914742621e+00
1.393573381856926918e+00
1.184649640102963364e+00
5.002210068661745446e-01
4.911804782945363712e-01
1.082218904034698781e+00
8.053147273153471453e-01
7.201251646019661834e-01
4.623432803246876333e-01
4.868732513457039168e-01
1.939032080315117312e-01
9.585712584728129926e-01
1.066870324094080225e+00
1.717998054483970805e+00
1.115101977510721820e+00
7.254345454461397225e-02
1.893471240603019634e+00
3.380203209922991725e-01
1.500558349435619832e+00
1.322991519106288649e+00
3.771721538426016096e-01
1.137231238481915430e+00
7.508393344149659754e-01
1.751508988691461433e-01
9.349259810274768157e-01
6.084468093685257983e-02
