9.696135139289858706e-01
5.956123949425866648e-01
9.841409581785214300e-01
9.356544500632559824e-01
9.518111705002727518e-01
7.067906452144314677e-01
1.598748537796649050e+00
1.286145162037263479e+00
1.558838440759081401e+00
1.310513775009953363e+00
1.628586720345007066e+00
1.370138612063096506e+00
7.173999773531680724e-01
5.296778713996368460e-01
3.887753360717485229e-01
1.274264911717999382e+00
1.758147240012498891e+00
4.459279373455236062e-01
1.453548858944438305e+00
2.958305574000483773e-01
3.320774208268248984e-01
1.062480997424609441e+00
8.787987390303619861e-01
3.116792734487008332e-01
1.401095446945702427e+00
1.715349001497381565e+00
6.897859598466244968e-01
1.689759065661439852e+00
2.741061345749224998e-01
1.061543960570616729e+00
6.488161764589528424e-01
1.242737861744759087e+00
1.664724832488903239e+00
5.803873282113136689e-01
1.862396546338749292e+00
1.442134887229195250e+00
1.788497410563425483e-01
1.409283083730847874e+00
1.156527002581920094e+00
1.854046105374602682e+00
