1.684756529000807301e+00
1.291821584544923240e+00
1.955740103994285661e-02
1.662910515135158640e-01
4.177298195494634214e-01
1.315651751584852036e-01
1.804739748362250040e+00
7.839552890577929922e-01
6.535205065634785981e-02
8.181836342469566148e-01
9.726845836846380600e-01
1.210690373725325841e+00
1.823680578924689488e+00
1.720480887610440046e+00
3.493101192315322123e-01
1.318405752644284501e+00
3.258676904845021483e-01
1.159269315418062885e+00
1.793679854447534083e+00
1.129376752699363884e+00
1.418800512854188067e+00
1.135118367225475211e+00
1.160284655118693387e+00
1.789463085961149336e+00
1.248908863812186354e+00
4.864952458170468397e-01
1.484097914775938332e+00
1.811465399645535879e+00
4.599309276332159691e-01
1.577879727279796640e+00
1.074347977220841077e+00
1.899600922917519696e+00
1.019906358102411925e+00
1.767083045443710976e+00
5.936188830005773021e-01
1.084348027780248191e+00
1.438853831293026353e+00
3.250584610947213626e-01
8.657357367597930953e-01
9.640150813491872306e-01
