1.885745408622374164e+00
1.636507086749443562e+00
1.694939049468467296e+00
1.485366879144601526e+00
6.642569523615189375e-01
1.791698128927608824e+00
1.745587000217871054e+00
1.664292647697843464e+00
1.260029877527635733e+00
7.859592227691849509e-01
1.949273387781269129e+00
2.379921471073207506e-01
1.589935766188517174e+00
9.020778985226929336e-01
1.215907335111281018e+00
1.574343037796879674e+00
9.487795962992269239e-01
1.733675693945824214e-01
1.423303993272377888e+00
1.587131034976217769e+00
2.503860240777160406e-01
1.339995172419586655e+00
1.767917332979114686e+00
2.903947888377089726e-02
2.477142135317418337e-01
1.130128324180909694e+00
1.213180197724474496e+00
1.964793017740358305e+00
1.556140338710244819e+00
4.563842837532718910e-01
1.970197272156377633e+00
1.093896214958463009e+00
2.774158282183938340e-01
6.429157410599222189e-01
2.168427278329478902e-01
6.151663852176367797e-01
1.138260635184951575e+00
3.975888627896280170e-01
6.751646971057905233e-01
9.879589804663719832e-01
