7.592217046408182846e-01
1.459268809021808888e+00
1.754383038379914161e-01
1.704268872463910345e+00
2.027308822234812347e-01
1.145186591824926214e+00
9.827377961236414272e-01
8.447737366112084700e-01
4.626363424920936218e-01
3.396537308170897163e-01
9.314765993973286307e-01
2.847231786864687919e-01
1.680328621784719090e-01
3.141135112874779978e-01
1.272781088317245679e+00
1.024504579630537648e+00
4.032783168305278387e-01
1.075568687920675615e+00
5.793587667169211031e-01
4.680074734649992685e-01
1.823847807327552140e+00
4.141757367919218780e-02
1.350607902853586673e+00
1.594161881799234237e+00
6.119168300838757624e-01
7.656950300640281704e-01
5.933860039106124695e-01
1.664398161289544653e+00
5.439949787900340006e-01
2.498587562936598339e-01
1.937399929488501371e-01
1.160696502617487358e+00
1.390211942498224218e+00
1.177717617569405739e+00
2.315852453827549340e-02
9.220782062189591954e-02
1.961857710878721850e+00
5.392849035353894926e-01
5.622540156056961003e-01
1.740553569982382420e+00
