1.392031325548351628e+00
4.150394733423832250e-01
1.098974997884246463e+00
8.947168111753582842e-01
1.636461915322713345e+00
1.472174399057220473e+00
9.823606318007329641e-01
1.728814595288522327e+00
1.441056608988953158e+00
6.009149755676661542e-01
1.240029304051851522e+00
3.884425146321111022e-01
6.158993562524406329e-01
1.955001515175510907e+00
1.604066922714167731e+00
6.014820544891779086e-01
1.346736782603113802e+00
1.945156039454978725e+00
1.152634229043356662e-01
1.028127888428880254e+00
1.426535094374024926e+00
6.921543747420333403e-01
1.431749630728651468e-02
9.694820045444552115e-01
1.118671765524768436e+00
1.701272061621813325e+00
9.167745580733379640e-01
8.117382406076592005e-01
1.686187206474941025e+00
1.542754105996797964e+00
1.118863849004508193e+00
9.981052834561361387e-01
9.655927043877157168e-01
4.708373208847396185e-01
4.980155209348851031e-01
6.918591837511600673e-02
8.198331088368195907e-01
1.915480751128247672e+00
1.499467759375665565e-01
5.084955886544335613e-01
