9.978747459527737007e-01
4.318742326620723659e-01
1.348634544265841395e+00
7.904036447610791605e-01
8.177203420049741212e-01
1.213393479492788085e+00
1.238062742645860137e+00
1.168174861884389681e+00
9.138351890671589928e-01
7.950379322121734482e-01
1.454041085218011897e+00
1.582820035939024539e+00
1.682195653731183516e+00
1.171647662413547231e+00
4.259279596908700505e-01
1.796250464769433730e+00
4.731116677625348821e-01
1.885920139233582926e+00
3.493977163519796925e-01
1.071369845952468314e+00
3.289473554602420080e-01
1.276487097573659746e+00
1.144053202377485423e+00
1.962761716013195379e+00
6.832060115471016992e-01
2.688862002212175639e-01
8.637169023342878837e-01
1.239247091431971981e-01
1.871318744110586074e-01
1.351290160322165423e+00
1.583212422119746776e+00
1.278024527774635377e+00
1.959077687789843036e+00
3.301011875215280611e-01
1.146003473902790226e+00
8.592885495981574806e-01
8.854402033111075099e-01
1.163870117344672384e+00
2.818282515458343518e-01
6.350424353209147554e-01
