1.473567993873682980e+00
6.260750997684194630e-02
7.646964975539369824e-01
5.345568793888357817e-01
4.504763764843420226e-01
1.777467757392714454e-01
1.885391445243309150e+00
1.834853385337672727e+00
1.114033473103186012e+00
5.703889601932146114e-01
1.476906779279730575e+00
1.722140286663561781e+00
1.999448351466488916e+00
1.237512901557971556e+00
1.365239768783465646e+00
6.654008693289670262e-01
1.277092322268638558e+00
6.389540303274241495e-01
8.696307273262915416e-02
1.291931112662338510e+00
4.358543124045510808e-01
5.323359919115371319e-01
1.899772491606266378e-01
1.972123684566982504e+00
1.203437416690993800e+00
6.732284775429655532e-01
1.971259634787019266e-01
1.344647481927205845e+00
1.288750822011220709e+00
5.854109598972403461e-01
3.154732262693147327e-01
1.057550079501795803e+00
1.214891942873571828e+00
5.794310694015769592e-01
1.532329184014149526e-01
1.563426117414983274e+00
1.342834304628782061e+00
1.033943762875333405e-02
1.279115771606920138e+00
3.733993095112908556e-01
