5.858745867555903430e-02
1.519293707087095324e+00
1.111688495969476165e+00
1.940972768733547404e+00
1.355570684416744331e+00
1.712689759196518668e+00
1.427818795962578768e+00
1.231817571284393953e+00
3.293586644607233715e-01
9.847571098033935932e-01
7.180247830915389429e-01
1.227937520792476533e+00
1.376437510238527118e+00
8.255830134104269469e-01
1.525250546672527907e+00
1.585118447185629442e+00
1.222760735570782575e+00
1.093182729419297505e+00
1.944678406413208549e+00
1.043326770652576396e+00
1.059182060457100061e+00
1.546936722042612899e+00
3.100389702586379137e-01
3.417598552429668146e-02
1.170030479164997583e+00
1.987495243850290638e+00
1.729053272671130070e+00
1.671890480775917176e+00
1.782964923485510056e+00
1.442272573231262456e-02
3.753632808569009605e-01
1.038915896717226062e+00
7.104642035650772236e-01
1.042086830203290404e-01
1.084668516695398655e+00
7.417904967163231333e-01
8.307443204605573506e-01
1.145722839171785523e-01
1.039313771867069747e-01
1.770561843735728225e+00
