1.133638815530813027e+00
1.168622865932479993e+00
1.362644087120115977e+00
1.317768713699511984e-01
7.397037519944698047e-01
8.915100757113894048e-01
9.022435500616929893e-01
1.282252136304419032e+00
9.276814557005952366e-02
1.037907287786238975e+00
1.477280464203213572e+00
1.623741690482249034e+00
8.030625957833090744e-01
1.540286885304418707e+00
1.529785042401146544e+00
1.847821427848825415e+00
1.863460837236575074e+00
2.372393780694475041e-01
1.563568625862814088e+00
4.177387746746630270e-01
7.974586223373907323e-01
1.252600857091432651e+00
6.422457780243249204e-01
1.117184335120491756e+00
9.216960864479122328e-01
1.767869188899175992e+00
1.590824319584516200e+00
6.368942561430528393e-01
4.175847925129470006e-01
7.478726896838137073e-01
1.110477787525984361e+00
1.349331373720326077e-01
1.527677890513761128e-01
1.987387911755290837e+00
7.432322397703292616e-01
9.074236365229535473e-01
3.093656680098453293e-01
1.621633972313053285e+00
7.919396150368869236e-01
1.983631595862403785e+00
