1.922122990191911907e+00
4.893516085379658875e-01
1.103150370770320521e+00
1.793562751839836711e+00
1.282077985527478869e+00
3.324637804236125760e-01
1.837071564383708999e+00
7.275779122047993930e-01
1.918620607735056716e+00
1.594802705453850944e+00
1.546986997238568584e+00
7.178080008259724032e-01
7.975155636430288908e-01
1.405491497852587646e+00
1.489164428005593344e+00
1.086901178034129778e+00
1.372870921537309385e+00
1.922146261135164735e-01
1.335989937669253891e+00
5.377189944750426775e-01
1.455964035817120639e+00
1.195440110625716645e+00
1.281988583650728319e+00
1.987251803326988142e+00
1.880220021539202868e+00
1.229108078718345265e+00
4.464715960841543207e-01
1.441046998628832565e+00
5.636383773787621010e-01
6.285858231520586870e-01
1.822237974891306678e+00
1.908101482383876668e+00
7.803205908999841789e-01
7.659411714922770287e-01
7.714431726764119368e-01
1.770740352965645581e+00
3.016507331109483658e-01
1.303387345954807763e+00
1.509738436273658557e+00
9.830584453631576736e-01
