1.980209789756925520e+00
1.713921035589591302e+00
1.752864761921632653e+00
9.655654467412224662e-01
6.536672771500717793e-01
1.695666677955819157e+00
6.627825046047939317e-01
1.478885790910756892e+00
3.077722241671594361e-01
6.990862228456373728e-02
1.210839662415672535e-01
8.975807859868591976e-01
4.331110041894254969e-01
3.699053785927244320e-01
1.226947203921140428e-01
8.627820054531203375e-01
7.968072816082125698e-01
1.412619818575177710e+00
1.320711844758118758e+00
1.382731101103299221e+00
1.908721424770710939e+00
8.105810410757721129e-01
1.828877927495752953e+00
5.070399804732419469e-01
6.508697620813874707e-01
1.914790659326432998e+00
4.738265638127479029e-01
6.639335147164229234e-01
5.147927228441910863e-01
1.633035070374910358e+00
1.770961492726474518e+00
1.133011971070187140e+00
6.009925824062753996e-01
8.433989652728741682e-01
1.202008085695259521e+00
1.786915612145133725e+00
8.861184655416458611e-01
6.283749552670760963e-01
2.390980269449651807e-01
1.354831608022116995e+00
