8.520061175577664514e-01
8.767980876539480661e-01
1.229398909842442045e+00
2.799489590169432773e-01
1.473714664021098741e+00
5.555371016435226572e-01
1.734245375340011108e-01
1.166774182258242032e+00
2.850890234230831766e-01
1.961608692621711114e+00
1.370069664644574914e+00
1.812450848715413620e+00
1.783302399208841038e+00
1.998942542471286554e+00
4.526263867352895431e-01
1.189344905227736948e+00
1.335034311316440458e+00
3.136472596687016612e-01
1.104078891843659704e+00
1.048944297738155118e+00
4.942028764785844075e-02
1.625062070104643652e-01
1.876249362336370741e+00
1.594926979756430718e+00
1.311953389483047960e+00
1.061874320045728126e+00
9.073832664086900479e-01
2.124200622765131108e-01
1.865845714444431369e+00
1.431436246820731562e+00
2.145530939938544712e-01
3.141690176596543260e-01
1.899425739431768179e+00
1.531111040992138683e+00
6.884189473238677692e-01
1.372243539557543190e+00
1.478607074954925160e+00
3.916993938927224583e-01
1.384800551210215058e+00
7.842968406514216895e-01
