7.046467015374702214e-02
5.199657452578874128e-01
1.203195862553536166e+00
1.935361386239540238e-01
1.169139837020077177e+00
1.019176386065218765e+00
1.214207661304164798e+00
9.645331735695945596e-01
3.305639874443024873e-01
1.080158980271660241e+00
6.194623344140937071e-01
1.789495078096343228e+00
1.259332947560785954e+00
1.609941182396721793e+00
1.291618463849842691e+00
9.319594810157587617e-01
7.021063625721488677e-01
1.571330688064711989e+00
6.191276930510878351e-01
3.762252219198600756e-01
1.559092704006003860e+00
1.257696837823902847e+00
1.569580949253837066e+00
7.690997842885702873e-01
2.100723320695134788e-01
5.675705890575866164e-01
1.760607831600689011e-01
1.228966993582615519e+00
4.733972580229428573e-02
9.838468532759758745e-01
5.805454099877351837e-01
1.490605517679031600e+00
3.346296607160565983e-01
1.488636931731609270e+00
1.624756957945001634e+00
5.680172120849626971e-01
1.235228676231288958e+00
7.835629648006952053e-01
1.858215532893337407e+00
1.235459254945625585e+00
