1.756204705069603911e-01
1.585533417635458964e+00
1.065890528812698523e+00
1.054109423949779245e+00
6.310127946887194028e-01
1.753271312569270268e+00
1.712296326384876277e+00
5.096591068442632988e-01
1.329753398944554910e+00
1.488112295937265017e-01
1.533132651856959683e+00
1.352377500429392754e+00
1.282378639978447588e+00
6.789496554556460062e-01
9.587789359579854676e-01
9.028256422105123136e-01
6.724795521728665904e-04
4.088453731480430342e-01
1.288360005741936209e+00
1.347391553646331008e+00
1.250244229121169948e+00
7.981007119752248080e-01
6.799858395587561333e-01
4.916812507259211706e-01
1.251763403435537381e+00
5.771097668368372346e-01
1.166940958822619390e+00
4.867789771345445438e-01
1.780854706861229708e+00
1.134267939340546150e+00
5.167065122115408471e-01
6.785336096230540903e-01
1.526442297417739180e+00
1.298598614734301826e+00
1.199137449194677352e+00
1.974083233170612406e+00
1.733341735738219480e+00
9.063121073915159087e-03
1.231951152741241007e+00
1.658592989170656562e+00
