1.068395819888152687e+00
1.813065700455066764e+00
7.290547309306338875e-01
6.406206772124081184e-01
3.937913979005722709e-01
9.193347764748871498e-02
1.170609632734050720e+00
1.384559655279804957e+00
1.564244180682048402e-01
5.615483799553659949e-01
2.772551102089826358e-02
1.324546923089103156e+00
1.696985821929544613e+00
5.812579235954333789e-01
7.623207880938340786e-01
7.385252239148658582e-01
1.458190190195237879e+00
1.271068857647455808e+00
5.909279005360414949e-01
3.142404722894251989e-01
1.205936273643207990e+00
4.935473244486567879e-01
1.689934148074636155e+00
1.386089591336122862e+00
1.926918390764540856e+00
7.196278901528332383e-01
1.836081638847550490e+00
7.138719849441934606e-01
1.078767580222848466e+00
1.591593503908276031e+00
8.602153201820779138e-01
1.864867215138252821e+00
5.206178993432741819e-02
8.893128610261635814e-01
8.458899790325395962e-01
1.166094839484524748e+00
4.869641016935859490e-01
1.296877162838461661e+00
3.237447309851471111e-01
1.613313185380146564e+00
