1.205719801802617397e+00
1.254131300529742088e+00
1.752235870936818429e+00
8.005947037487599616e-01
2.267056518524142028e-01
7.603158389136823736e-01
1.419510210357452173e+00
1.261698784224527081e+00
9.194701957669266790e-01
1.407967937319804630e+00
8.797139786268779460e-01
5.610232816275257939e-01
8.373902854927517403e-01
1.934350189133950515e+00
1.660651943213782289e-01
9.556553869829187420e-01
1.694480258713003895e+00
1.870163765226715125e+00
1.801434572890499908e+00
9.243312756688171206e-02
2.025239308082396050e-01
1.481649295783075360e+00
5.147360301646353165e-01
4.422994676947316073e-01
5.771271414881784523e-01
1.254816489466015206e-01
9.630251543048085061e-01
1.627875139992115638e+00
5.272951475838811852e-01
1.198232444417442366e+00
1.913467666988831528e+00
6.923907676234599684e-01
7.095516088091096130e-01
1.798923551278878818e+00
2.801917173594716814e-01
1.134307310883642561e+00
5.754138062789384556e-01
9.681190214034125496e-01
9.077645584772131571e-02
1.863007138858737921e+00
