1.583204855700189650e+00
1.614506522001821764e+00
1.915356722099173403e+00
1.160575241532102009e+00
1.350834034818042539e-01
1.474916026592238971e+00
1.690704078174061209e+00
3.481241488896427150e-01
3.384368420399792576e-01
7.163230017302262276e-01
1.174615109298602356e+00
8.033773393814782615e-01
1.635532331953878149e+00
1.112969332857924876e+00
6.068652479414349266e-01
8.074430332674253918e-02
2.005139104609705569e-01
4.199852213661228184e-01
1.651248413249365665e+00
4.030611025543047177e-01
1.638686847122493351e+00
9.771045192098437582e-02
9.699770856058611557e-01
1.678220179448032479e+00
4.973169694817278774e-01
1.522393366958536554e+00
7.654971190734030095e-01
1.108620522004073905e+00
4.212218684658428636e-01
1.598918057874514798e+00
4.076608804274974851e-01
1.710320091255750352e+00
1.323227744928130889e+00
4.252060796415735311e-01
1.523878643385634390e-01
5.405619556861398500e-01
1.658679597153964735e+00
1.861269140359311347e+00
9.880346434027185154e-01
5.814722447389457649e-01
