1.454521366351314349e+00
1.570670231333144873e+00
1.854387159825474196e+00
8.900477676864788634e-01
4.430288977219687396e-01
1.508512372242366339e+00
2.887416108859750530e-01
2.073977305616834244e-01
1.617231805422405966e+00
7.545144055113106596e-01
1.258379614416173187e+00
8.624621379413222044e-01
3.443180945206441024e-01
1.923405447798351098e+00
8.675234924959567273e-01
1.502537976403890863e+00
7.910520479424656415e-01
1.373840114173477733e+00
1.000204338695567241e+00
7.287858659643191572e-01
1.794925820991570831e-01
1.541814403712499004e+00
1.256059527711928414e+00
5.221965902850747021e-01
1.305102136733285345e+00
2.698341123165035604e-01
1.441115087916462034e+00
9.841437483173089973e-01
6.448110332418099944e-03
1.490590508601535635e+00
9.484436768156507824e-01
1.781044735443059857e+00
1.833943128554481827e+00
8.718546810706202521e-01
2.433527348250588140e-01
1.681399790291541851e+00
1.211777430986586968e+00
8.091666025236019522e-01
1.348500566643165754e+00
1.306668635874068674e+00
