1.624536152717674931e-01
1.534901694317670984e+00
6.323658235767912750e-01
4.217755126382787267e-01
2.048824849262120829e-01
4.190578919759873067e-01
2.427434532802239531e-01
1.072388523096252211e+00
8.834819961528399546e-01
3.949872890184136232e-01
5.625077310827335531e-01
1.773540377401111368e+00
1.240588176824848343e+00
1.764234602243897498e+00
1.691054927579358047e+00
2.627285257366605009e-01
1.539440892995977084e+00
3.704856751009382165e-01
1.515504256059202692e+00
8.359879440674644613e-01
1.582816437504454665e+00
5.121023495783312285e-01
7.054549716263425196e-02
1.134496879562824301e+00
5.874310474015875805e-01
4.885424140924614633e-01
3.165604092095621880e-01
1.428897858914173646e+00
1.946047266017270072e+00
1.919708784464795315e-01
1.663963682677355838e+00
1.857451772777386267e+00
3.052171634246114706e-01
9.880757346350490522e-01
1.231187964005154178e+00
5.490712616734625406e-01
5.124160909728230351e-01
1.150504480199583845e+00
5.677290250459821053e-01
3.418476977861999444e-01
