1.386220169439601246e+00
1.811098160623991760e+00
3.675414052299372791e-01
1.195084847249860083e+00
1.103833437641839055e+00
1.020342295896623508e+00
1.457982656679534195e+00
1.855559331507392606e-01
8.120958090177716748e-01
1.934512531444848804e+00
7.594097556023404749e-01
1.392573810760243891e+00
7.990374254594048153e-01
1.377102670690093511e-01
1.756280276319201583e+00
1.631833328257457971e+00
9.882253927175184138e-01
2.268453482943142419e-01
6.221613932649208145e-01
8.766333759664224345e-01
1.269555687859384996e+00
3.417395777080676211e-01
1.355732473887772738e+00
5.262644629238852900e-01
1.465083223837755799e+00
1.557179106455293116e+00
1.830597660232293755e+00
6.317859700531127665e-01
8.418918557309642559e-01
4.774699788573104620e-01
1.991629574801889735e+00
1.840872844282391174e+00
1.893964729110605205e+00
7.032443520473732335e-01
1.301595092024170786e+00
3.499042571078900821e-01
2.018529492127600911e-01
8.734173103006370731e-01
1.476635820471278837e+00
1.674307055058129379e+00
