6.840286169438987152e-01
1.776611588485105475e+00
7.981607440761302463e-01
6.258719512653452277e-01
2.256339488360152856e-01
6.142860075725664615e-02
1.255771636233136146e+00
1.004374710595617781e+00
1.755685397167722428e+00
2.860567496269665888e-01
1.443096178027726051e+00
1.417700636803882031e+00
1.423829890097616069e+00
1.451686679946284642e+00
1.480609724519865278e+00
7.862781786140722318e-01
2.161917810283879859e-01
6.476777981562591435e-01
1.278137391478309848e+00
5.069156152175189334e-01
1.192913851211403031e+00
1.086258364979236113e+00
1.596658302321849909e+00
1.575469733668282135e+00
1.695147796917623850e+00
1.811774007559107336e+00
1.903167662482180056e+00
3.544611966840145456e-01
5.185205974649265137e-01
1.096396161934435121e+00
2.674342737707036122e-01
1.801961807124004888e+00
1.845452251733532556e+00
1.494258436746103147e+00
9.289865602841862469e-01
1.230778791478330358e+00
1.292318412952409012e-01
1.236329773426207979e+00
1.127452361313428408e+00
1.079395141527896840e+00
