4.131251804384916682e-01
8.740903795183463387e-02
1.650133271420775927e+00
3.889909606973995793e-02
1.000600141050369984e+00
5.703753613664925837e-01
1.842039850093185382e+00
1.244555644646344383e+00
1.089871047574273000e+00
3.137439949836151598e-01
1.680682222315912799e+00
5.320581900034513367e-01
1.697300301221761121e+00
1.480562159885918661e-01
1.103983756634511426e+00
2.703571171656657945e-01
3.057858131450119643e-01
1.913063048945909284e+00
3.215581821458797229e-01
1.693722296636293034e+00
1.720000346274521696e-01
1.007225882928176386e+00
1.688596149635168686e-01
7.721442192893936962e-01
1.668569576313809311e+00
1.242039238874705021e+00
1.748471247531504957e+00
3.953404306247851885e-01
1.400790512301854474e+00
1.167529901322079677e+00
1.830654184696796083e+00
1.624099632548460015e+00
4.404908686253543593e-01
3.156289975113479862e-01
1.910832920648748434e+00
1.544497090997967614e+00
1.477170311967076710e+00
1.732472146285564563e+00
5.713627024408158839e-01
1.119272164525808577e-01
