3.432489422278441893e-01
9.050801376520345443e-01
2.814146008556415168e-01
1.461044876656536484e+00
8.789761383042700160e-01
1.501948268808738440e+00
1.218344546514895210e+00
6.917177264638754153e-01
1.837065334549755402e+00
1.638169033083231696e+00
4.737673295605184798e-01
1.532108834642500472e+00
4.279033712320456928e-02
1.664168000303747341e-01
2.344563662759004963e-01
1.599490678884666561e+00
3.683911462301368012e-01
9.975591196446824682e-01
8.374358810085471561e-01
1.138486226505127874e+00
1.768969491341560563e+00
3.754970296380757411e-01
3.439930625053086999e-01
1.128991219200101703e-01
9.711793730127991076e-01
5.353507547081370888e-01
1.083887610352372466e+00
1.929189549630298650e+00
1.776054354986206896e+00
1.285182026428877577e+00
1.325648614269105519e+00
7.127758241881569923e-01
3.644641148165956857e-01
1.481103325250173963e+00
1.151210078976246276e+00
1.005865086462733871e+00
5.642891339411861829e-01
1.573483287490661464e+00
1.567585793246881742e-01
1.561423708287180911e+00
