8.543950502537467351e-01
1.970609661320938066e+00
1.287917874387741968e+00
2.942989292208544327e-01
1.818812483992853668e+00
4.775015924246317489e-01
1.226299752152637090e+00
1.423961813535473464e+00
1.960222559991022351e+00
1.817901582141668193e+00
5.499520116651868129e-01
1.365418937485978645e+00
8.974312328017610696e-01
2.409124579074712891e-01
1.044176649368572019e+00
1.633242896919376186e+00
1.446629538893467348e+00
1.414767003117670452e+00
9.421446472561125773e-01
9.769540099730362748e-01
4.672383719397559254e-01
1.727789131526143329e+00
7.275792659511188809e-01
1.531620845371530759e+00
1.347480452998978784e+00
1.499863982471521862e+00
1.724964533300653802e+00
1.255394658405131647e+00
1.719604929159103346e+00
1.072743451251430447e+00
1.721268459094715375e+00
7.355817421728549910e-01
3.737077038412723873e-01
7.547513987206060371e-01
1.871214234262345677e+00
1.707808144462775068e+00
1.663817052467213564e-01
1.905937989126179399e+00
3.500595459902853257e-01
1.001907955664147920e+00
