6.918091821130758490e-01
1.111867309036769669e+00
1.781162654111010379e+00
1.446380116384778702e+00
1.117653413096670878e+00
5.053287612893724301e-01
4.530474895000349278e-01
1.411459675660223567e+00
1.215933634067658531e+00
5.673303770764945853e-01
9.762115473642918317e-03
1.241280722477100973e+00
1.472478684647394065e+00
1.125265604277261744e+00
1.575066698494493433e+00
6.146550593071626878e-01
1.499557504785451467e+00
2.831797272855700598e-01
1.604431652337679814e+00
5.699275720145626778e-01
7.133848241731413076e-01
1.022400150543610220e+00
6.414071643996752670e-01
1.680808404428152603e+00
2.328933439236666736e-01
1.508881039065140595e+00
4.759147352044559298e-01
1.402061514915373230e+00
1.831476236384771195e+00
1.122950738348402311e+00
1.594827642193030304e+00
9.788937026422228627e-02
1.152506243303768940e+00
7.616773718537879212e-01
4.963991419036575259e-01
1.585762843891859841e+00
9.665834458775157678e-01
2.713374502370600183e-01
1.473552530584316234e+00
3.007269611296092826e-01
