6.158374274264275527e-01
1.206933838075195720e+00
1.201467953577264325e-01
1.306952514267299748e+00
1.720766087135605638e+00
1.905654554524733868e-01
1.680882655819284643e-01
1.992812600172816140e+00
7.053005045871625356e-01
1.601876803343828648e+00
4.845724289093129578e-01
5.387084190053044175e-01
4.174360328851745017e-01
1.184965533519533043e+00
1.158320377701408166e+00
8.955312692149282050e-01
1.582790607020083229e+00
7.407605887218182694e-01
1.649917894482126890e-01
1.962146259263725767e+00
1.394809022290982803e+00
1.826606880917423403e+00
1.133258211914508262e+00
1.805991091179198094e+00
2.737378934982137579e-01
2.214805305913669642e-01
1.250887619530864470e+00
3.251679156586391173e-01
9.726335494124573877e-01
2.519379682362323791e-01
1.344443056974476747e+00
2.739971653941917218e-01
3.769008754900333713e-01
8.080802969489901955e-01
1.209201438140516505e+00
1.965839962316446865e+00
1.197384363454213840e+00
4.767677529584823937e-01
1.820237644888464956e-01
6.820833079193384663e-01
