-1.587326876090411787e+00
-1.285706941142597870e+00
-8.507705407625296701e-01
-1.713201917336674818e+00
-5.110166856156257431e-01
-5.742138369936142794e-01
-1.162289073903430836e+00
-4.640450451809190469e-01
-1.407993540860189352e+00
-3.180498063808423481e-02
-1.649956452919607131e+00
-6.524825061559900163e-01
-4.206064548995236407e-02
-1.466156669151515324e+00
-2.215912061783189557e-01
-4.696367648564567787e-01
-1.646602650159142200e+00
-9.701495914531559350e-01
-1.442815035225928799e+00
-8.138872444428719710e-01
-9.146154936201500441e-01
-7.423972677882066940e-01
-9.175058216122731203e-01
-1.650695188691865489e+00
-1.770516541517352049e+00
-4.530415732388970440e-01
-8.393573289600384513e-01
-9.931669896973089884e-01
-1.524271958369557645e+00
-9.714449291510751650e-01
-8.051145212138539620e-01
