1.318395384357900380e+00
1.919988629924609391e-01
1.847148982803052952e+00
1.337031655160235921e+00
3.797016957225234357e-01
1.234742737209552743e+00
1.345213525599542770e+00
4.572779612601296506e-02
1.581909213769206790e+00
1.525051543265534271e-01
1.960132106482778358e+00
1.177251842448302721e+00
3.579261069451242783e-01
1.480542100607010969e+00
1.862073460285433413e+00
8.847464287301933794e-01
7.866534350724383451e-01
6.491719121391508196e-01
6.877868372570081767e-01
1.863693233170792496e+00
5.737703112396834726e-01
1.355064235389848104e+00
1.296590374814153179e+00
1.742432589161437839e+00
6.199331277266821871e-01
1.014885958192195847e+00
1.313612034934217299e+00
3.156391017424624579e-01
9.079085506479156464e-02
2.883943573908154256e-01
3.293244993662898246e-01
