1.000000000000000000e+00	-5.784391935580085464e-01	2.952779955602649609e-01	-2.145008816472004087e-01	1.757635115547037941e-01	-4.923350006312356419e-01	2.887508925135190974e-01	-3.257083824308039666e-01	2.042896073148929847e-01	-2.302823941221708859e-01	1.077387019312779498e-01	-1.205832212453750857e-01	2.135876809528472753e-01	-1.816290238015238478e-01	1.729934007689911124e-01	-9.558350421781600104e-02	1.090872608020123924e-01	-2.036678685720478832e-01	1.544440264077712177e-01	-2.792035951968098173e-01
-5.784391935580085464e-01	1.000000000000000000e+00	-6.453323784535491825e-01	1.673569850534913361e-01	-1.644400135058436685e-01	2.518075587253439385e-01	-3.089509171898856543e-01	2.821611451807996551e-01	-1.787812266561221164e-01	1.660470324564251032e-01	-8.217803221105164646e-02	8.985017283048098158e-02	-1.807948469179160023e-01	1.342208216114119668e-01	-1.331128981668261435e-01	6.772290776922543221e-02	-8.387482326515266484e-02	1.352315047438537032e-01	-1.079383502575889248e-01	1.694445634173066262e-01
2.952779955602649609e-01	-6.453323784535491825e-01	1.000000000000000222e+00	-2.279736588540946518e-01	1.777590339894788984e-01	-2.483897927704565578e-01	2.434115220459308615e-01	-5.408047552067836161e-01	2.119238823672540406e-01	-2.154557404987247626e-01	8.239669463561728746e-02	-9.604418553732398112e-02	1.946439685220126836e-01	-1.607184350598417633e-01	1.488818536306419360e-01	-6.988173835917947663e-02	8.485660818339905986e-02	-1.588878920096482850e-01	1.212613805542465673e-01	-1.969243570551224010e-01
-2.145008816472004087e-01	1.673569850534913361e-01	-2.279736588540946518e-01	1.000000000000000222e+00	-8.845503585805707392e-01	1.248281333917090480e-01	-1.239207583595064305e-01	1.703584985278498165e-01	-2.172488654852220702e-01	2.101181808837633558e-01	-6.835687852476103610e-02	7.472680845058329857e-02	-1.535775584151880258e-01	1.368095706026852265e-01	-1.516193745814277405e-01	5.728644328984036638e-02	-7.427623591533755176e-02	1.198167674694515655e-01	-1.029503953456088472e-01	1.576735906878035387e-01
1.757635115547037941e-01	-1.644400135058436685e-01	1.777590339894788984e-01	-8.845503585805707392e-01	1.000000000000000666e+00	-1.229716332563451364e-01	1.145710234675264561e-01	-1.694453291806412298e-01	1.957210024199550480e-01	-2.773605777753015977e-01	6.567724342361820622e-02	-7.396712776935862599e-02	1.469034698983608389e-01	-1.452639269955389723e-01	1.528892228630140959e-01	-5.708443190092981484e-02	7.146749467813640067e-02	-1.310315440661375952e-01	1.085992433320202566e-01	-1.832362895441406181e-01
-4.923350006312356419e-01	2.518075587253439385e-01	-2.483897927704565578e-01	1.248281333917090480e-01	-1.229716332563451364e-01	1.000000000000001110e+00	-7.499186144687812750e-01	2.632735636693118719e-01	-1.653097113515660521e-01	1.458384036367713632e-01	-1.014427887334999473e-01	9.797899364743828388e-02	-1.699751854744984136e-01	1.211874128228114800e-01	-1.191306694928189608e-01	7.480467265432397261e-02	-8.583841043743978272e-02	1.225964233169491296e-01	-9.740016891157170231e-02	1.503968256528473435e-01
2.887508925135190974e-01	-3.089509171898856543e-01	2.434115220459308615e-01	-1.239207583595064305e-01	1.145710234675264561e-01	-7.499186144687812750e-01	1.000000000000001110e+00	-4.469697422698667988e-01	1.721164283572734766e-01	-1.630896372381412662e-01	8.499420502241904207e-02	-9.443873649639472623e-02	1.645238862246071465e-01	-1.273167888793427516e-01	1.183493522683103788e-01	-6.762569260537208693e-02	7.814031148858048559e-02	-1.262838024550387850e-01	9.689439736111250812e-02	-1.532373236128128369e-01
-3.257083824308039666e-01	2.821611451807996551e-01	-5.408047552067836161e-01	1.703584985278498165e-01	-1.694453291806412298e-01	2.632735636693118719e-01	-4.469697422698667988e-01	1.000000000000001776e+00	-4.013985575392675642e-01	2.426955763962827528e-01	-1.000718242672044289e-01	1.158110658232644613e-01	-3.191568528645725156e-01	1.969664695530564114e-01	-1.843985619602358794e-01	7.949146783697486063e-02	-1.011764605893141211e-01	1.781959691722836414e-01	-1.415067552779590287e-01	2.016834692379624872e-01
2.042896073148929847e-01	-1.787812266561221164e-01	2.119238823672540406e-01	-2.172488654852220702e-01	1.957210024199550480e-01	-1.653097113515660521e-01	1.721164283572734766e-01	-4.013985575392675642e-01	1.000000000000001332e+00	-6.983864182704296875e-01	8.464870933770898831e-02	-9.947896762940020010e-02	2.249778016252917123e-01	-3.760346189691687879e-01	2.793554118548161047e-01	-7.035284770358675444e-02	9.018484661807582570e-02	-1.839442955394651746e-01	1.654512156683330959e-01	-2.377333844332394919e-01
-2.302823941221708859e-01	1.660470324564251032e-01	-2.154557404987247626e-01	2.101181808837633558e-01	-2.773605777753015977e-01	1.458384036367713632e-01	-1.630896372381412662e-01	2.426955763962827528e-01	-6.983864182704296875e-01	1.000000000000001998e+00	-8.800817829009524584e-02	9.885240326185919246e-02	-2.310484931865260383e-01	2.798099437065508233e-01	-4.484028953067469292e-01	7.136049808823258234e-02	-9.458824287449837942e-02	1.708308786653769951e-01	-1.650921622548943979e-01	2.261618332016696320e-01
1.077387019312779498e-01	-8.217803221105164646e-02	8.239669463561728746e-02	-6.835687852476103610e-02	6.567724342361820622e-02	-1.014427887334999473e-01	8.499420502241904207e-02	-1.000718242672044289e-01	8.464870933770898831e-02	-8.800817829009524584e-02	1.000000000000001998e+00	-6.765981412911115100e-01	1.906855302149192966e-01	-1.094749237274317277e-01	9.557979538460520397e-02	-6.029942323212152955e-01	3.276920798968960824e-01	-1.535712998825833897e-01	1.021813553680400027e-01	-1.588980025408613383e-01
-1.205832212453750857e-01	8.985017283048098158e-02	-9.604418553732398112e-02	7.472680845058329857e-02	-7.396712776935862599e-02	9.797899364743828388e-02	-9.443873649639472623e-02	1.158110658232644613e-01	-9.947896762940020010e-02	9.885240326185919246e-02	-6.765981412911115100e-01	1.000000000000002665e+00	-3.217261893079420010e-01	1.282003075380301338e-01	-1.142722179906603269e-01	3.161367241925243654e-01	-5.430508341334927547e-01	1.714677676088061098e-01	-1.186667603753103206e-01	1.658021485429435338e-01
2.135876809528472753e-01	-1.807948469179160023e-01	1.946439685220126836e-01	-1.535775584151880258e-01	1.469034698983608389e-01	-1.699751854744984136e-01	1.645238862246071465e-01	-3.191568528645725156e-01	2.249778016252917123e-01	-2.310484931865260383e-01	1.906855302149192966e-01	-3.217261893079420010e-01	1.000000000000003553e+00	-4.046960583340213358e-01	2.600846108813256730e-01	-1.566894273380537994e-01	1.969857614835333059e-01	-5.389538533582651780e-01	2.869808544615117252e-01	-4.027550866711848698e-01
-1.816290238015238478e-01	1.342208216114119668e-01	-1.607184350598417633e-01	1.368095706026852265e-01	-1.452639269955389723e-01	1.211874128228114800e-01	-1.273167888793427516e-01	1.969664695530564114e-01	-3.760346189691687879e-01	2.798099437065508233e-01	-1.094749237274317277e-01	1.282003075380301338e-01	-4.046960583340213358e-01	1.000000000000003109e+00	-6.682592452520914605e-01	8.598749098957636505e-02	-1.182181849571532772e-01	2.558954139520300819e-01	-3.456902005182284077e-01	2.982239822983087096e-01
1.729934007689911124e-01	-1.331128981668261435e-01	1.488818536306419360e-01	-1.516193745814277405e-01	1.528892228630140959e-01	-1.191306694928189608e-01	1.183493522683103788e-01	-1.843985619602358794e-01	2.793554118548161047e-01	-4.484028953067469292e-01	9.557979538460520397e-02	-1.142722179906603269e-01	2.600846108813256730e-01	-6.682592452520914605e-01	1.000000000000003775e+00	-8.031299545568711118e-02	1.053124763201000041e-01	-2.483247887156110334e-01	2.452371202555538310e-01	-4.308495915335249782e-01
-9.558350421781600104e-02	6.772290776922543221e-02	-6.988173835917947663e-02	5.728644328984036638e-02	-5.708443190092981484e-02	7.480467265432397261e-02	-6.762569260537208693e-02	7.949146783697486063e-02	-7.035284770358675444e-02	7.136049808823258234e-02	-6.029942323212152955e-01	3.161367241925243654e-01	-1.566894273380537994e-01	8.598749098957636505e-02	-8.031299545568711118e-02	1.000000000000003553e+00	-7.118906879591828663e-01	1.223146942631638534e-01	-8.578445630243256015e-02	1.230951248646329627e-01
1.090872608020123924e-01	-8.387482326515266484e-02	8.485660818339905986e-02	-7.427623591533755176e-02	7.146749467813640067e-02	-8.583841043743978272e-02	7.814031148858048559e-02	-1.011764605893141211e-01	9.018484661807582570e-02	-9.458824287449837942e-02	3.276920798968960824e-01	-5.430508341334927547e-01	1.969857614835333059e-01	-1.182181849571532772e-01	1.053124763201000041e-01	-7.118906879591828663e-01	1.000000000000003109e+00	-1.876337884249855426e-01	1.194809413754333721e-01	-1.826601093269333842e-01
-2.036678685720478832e-01	1.352315047438537032e-01	-1.588878920096482850e-01	1.198167674694515655e-01	-1.310315440661375952e-01	1.225964233169491296e-01	-1.262838024550387850e-01	1.781959691722836414e-01	-1.839442955394651746e-01	1.708308786653769951e-01	-1.535712998825833897e-01	1.714677676088061098e-01	-5.389538533582651780e-01	2.558954139520300819e-01	-2.483247887156110334e-01	1.223146942631638534e-01	-1.876337884249855426e-01	1.000000000000003109e+00	-6.562838874240024545e-01	3.122336083732015766e-01
1.544440264077712177e-01	-1.079383502575889248e-01	1.212613805542465673e-01	-1.029503953456088472e-01	1.085992433320202566e-01	-9.740016891157170231e-02	9.689439736111250812e-02	-1.415067552779590287e-01	1.654512156683330959e-01	-1.650921622548943979e-01	1.021813553680400027e-01	-1.186667603753103206e-01	2.869808544615117252e-01	-3.456902005182284077e-01	2.452371202555538310e-01	-8.578445630243256015e-02	1.194809413754333721e-01	-6.562838874240024545e-01	1.000000000000003331e+00	-5.792173958837382175e-01
-2.792035951968098173e-01	1.694445634173066262e-01	-1.969243570551224010e-01	1.576735906878035387e-01	-1.832362895441406181e-01	1.503968256528473435e-01	-1.532373236128128369e-01	2.016834692379624872e-01	-2.377333844332394919e-01	2.261618332016696320e-01	-1.588980025408613383e-01	1.658021485429435338e-01	-4.027550866711848698e-01	2.982239822983087096e-01	-4.308495915335249782e-01	1.230951248646329627e-01	-1.826601093269333842e-01	3.122336083732015766e-01	-5.792173958837382175e-01	1.000000000000003109e+00
