1.000000000000000222e+00	-1.412252882083921968e-01	8.389365960156328073e-02	-9.159502865241637981e-02	6.064863441399336030e-02	-7.935049323352724171e-01	1.297441697012561845e-01	-1.145512490792607307e-01	8.706387322604514090e-02	-6.113922286191943167e-02	3.052028506556525578e-01	-2.829700956166870118e-01	1.827553082568625920e-01	-1.510797166006936365e-01	1.268798854791290120e-01	-2.113156091903814482e-01	1.379395866540948645e-01	-1.926422256385337817e-01	1.331855402204869809e-01	-2.072901083538396527e-01
-1.412252882083921968e-01	1.000000000000000444e+00	-3.456144432449678172e-01	1.570946482742652806e-01	-8.672565438650514658e-02	9.459550172023212244e-02	-8.580464827812632755e-01	2.376534745296904061e-01	-1.377910594149893975e-01	7.579033360559606081e-02	-1.535525778328416802e-01	1.662259698787654505e-01	-1.289347409010023759e-01	9.259904089047307774e-02	-8.898121459406731215e-02	7.962592428985820758e-02	-6.480847335475931059e-02	8.281577008529704409e-02	-6.410110211341860098e-02	8.338039733972321677e-02
8.389365960156328073e-02	-3.456144432449678172e-01	1.000000000000000444e+00	-4.462821340053410024e-01	1.513955866240253023e-01	-5.668793911617384801e-02	2.386915947848489150e-01	-7.434590721896606746e-01	2.612950260914114198e-01	-1.328222184727931299e-01	9.638253946514760417e-02	-9.832956927108334189e-02	9.173966813445266766e-02	-1.065505911605063721e-01	1.017198962775848897e-01	-5.961015835820551029e-02	4.677919280394442908e-02	-6.437448310592150391e-02	5.442865081101950359e-02	-7.259519014752680022e-02
-9.159502865241637981e-02	1.570946482742652806e-01	-4.462821340053410024e-01	1.000000000000000222e+00	-3.639770433696498664e-01	5.979390440837930448e-02	-1.710289570523654268e-01	2.981477042031497882e-01	-6.888415602059930753e-01	2.534631758778090327e-01	-1.086790525106504091e-01	1.009342482282236525e-01	-1.145023159446437178e-01	1.704663086824739771e-01	-1.720198906455575327e-01	7.003184235818712966e-02	-5.555155449711727395e-02	7.939536345460430911e-02	-7.340416915096574513e-02	9.655453813907560745e-02
6.064863441399336030e-02	-8.672565438650514658e-02	1.513955866240253023e-01	-3.639770433696498664e-01	9.999999999999995559e-01	-4.032911177670540914e-02	8.690660025931258581e-02	-2.027291723225115028e-01	2.740867037220692248e-01	-8.539350671782858226e-01	7.314955762529032346e-02	-7.200975708030775413e-02	8.239202446155874382e-02	-1.445657479337694729e-01	1.417107806594462560e-01	-5.751295450309376611e-02	4.382821141297787992e-02	-6.520324419875538069e-02	5.866851924318867290e-02	-8.579884016332584018e-02
-7.935049323352724171e-01	9.459550172023212244e-02	-5.668793911617384801e-02	5.979390440837930448e-02	-4.032911177670540914e-02	1.000000000000000222e+00	-9.872254321069193206e-02	7.479748149096758503e-02	-5.792645848530784958e-02	4.012358796381909620e-02	-5.078067206764754760e-01	2.081523184894274736e-01	-1.409316717049676482e-01	9.888284001555340541e-02	-8.549234159315260984e-02	1.320162761375343607e-01	-9.194810568394455597e-02	1.236707786056220615e-01	-8.677405006485611194e-02	1.280912022369055103e-01
1.297441697012561845e-01	-8.580464827812632755e-01	2.386915947848489150e-01	-1.710289570523654268e-01	8.690660025931258581e-02	-9.872254321069193206e-02	1.000000000000000222e+00	-2.965661799612527849e-01	1.371471104831481769e-01	-8.053632814658387429e-02	1.527698389759365172e-01	-2.323734191595233367e-01	1.386541587840997292e-01	-1.027033550052868227e-01	9.410959961750001157e-02	-9.293034928704139996e-02	7.370160964002932247e-02	-9.514937481883070647e-02	7.095247536542864664e-02	-9.462014240265209652e-02
-1.145512490792607307e-01	2.376534745296904061e-01	-7.434590721896606746e-01	2.981477042031497882e-01	-2.027291723225115028e-01	7.479748149096758503e-02	-2.965661799612527849e-01	1.000000000000000666e+00	-4.004202913112665518e-01	1.619899729121557219e-01	-1.333598054914744979e-01	1.240150701722155385e-01	-1.244983057012428868e-01	1.405985609779769885e-01	-1.432763016201483164e-01	7.681327419046984906e-02	-6.126453881099004628e-02	8.407519740568838995e-02	-7.320502657338956443e-02	9.523921363758230951e-02
8.706387322604514090e-02	-1.377910594149893975e-01	2.612950260914114198e-01	-6.888415602059930753e-01	2.740867037220692248e-01	-5.792645848530784958e-02	1.371471104831481769e-01	-4.004202913112665518e-01	1.000000000000000000e+00	-3.885145842683955242e-01	1.051883061418395909e-01	-1.045647118167138540e-01	1.225857356240310780e-01	-2.648560690532186790e-01	1.902787245430453134e-01	-7.652262076389733381e-02	5.964778719218235409e-02	-8.798505950758082894e-02	7.977950981864515012e-02	-1.096503282399369783e-01
-6.113922286191943167e-02	7.579033360559606081e-02	-1.328222184727931299e-01	2.534631758778090327e-01	-8.539350671782858226e-01	4.012358796381909620e-02	-8.053632814658387429e-02	1.619899729121557219e-01	-3.885145842683955242e-01	1.000000000000000666e+00	-7.404461238585753613e-02	7.030307497406235173e-02	-8.464557108554869591e-02	1.497213323035730959e-01	-1.771430108478826426e-01	5.534696396154881876e-02	-4.309667801319147507e-02	6.407486088343308794e-02	-6.038512152396939558e-02	8.544914435279975240e-02
3.052028506556525578e-01	-1.535525778328416802e-01	9.638253946514760417e-02	-1.086790525106504091e-01	7.314955762529032346e-02	-5.078067206764754760e-01	1.527698389759365172e-01	-1.333598054914744979e-01	1.051883061418395909e-01	-7.404461238585753613e-02	1.000000000000000000e+00	-5.596627184140376965e-01	2.672628212991072227e-01	-1.972542086761214231e-01	1.630504480686631452e-01	-2.743024849420566680e-01	1.863693344699618448e-01	-2.541850030102594804e-01	1.708768552674304053e-01	-2.574053376696374684e-01
-2.829700956166870118e-01	1.662259698787654505e-01	-9.832956927108334189e-02	1.009342482282236525e-01	-7.200975708030775413e-02	2.081523184894274736e-01	-2.323734191595233367e-01	1.240150701722155385e-01	-1.045647118167138540e-01	7.030307497406235173e-02	-5.596627184140376965e-01	1.000000000000000666e+00	-5.937503459694472019e-01	1.923314710760654078e-01	-1.773525984498042773e-01	2.182413053789690749e-01	-2.263167326302960025e-01	2.374231964390052518e-01	-1.682732087806665111e-01	1.979765362174823462e-01
1.827553082568625920e-01	-1.289347409010023759e-01	9.173966813445266766e-02	-1.145023159446437178e-01	8.239202446155874382e-02	-1.409316717049676482e-01	1.386541587840997292e-01	-1.244983057012428868e-01	1.225857356240310780e-01	-8.464557108554869591e-02	2.672628212991072227e-01	-5.937503459694472019e-01	1.000000000000001110e+00	-3.623849061746904354e-01	2.373748060319487985e-01	-2.733358766561146957e-01	2.215676766730070302e-01	-4.516590678815285420e-01	2.308285657756557474e-01	-3.005179288882223188e-01
-1.510797166006936365e-01	9.259904089047307774e-02	-1.065505911605063721e-01	1.704663086824739771e-01	-1.445657479337694729e-01	9.888284001555340541e-02	-1.027033550052868227e-01	1.405985609779769885e-01	-2.648560690532186790e-01	1.497213323035730959e-01	-1.972542086761214231e-01	1.923314710760654078e-01	-3.623849061746904354e-01	1.000000000000000888e+00	-7.705921420129726584e-01	1.433014569027497576e-01	-1.202316609557079197e-01	1.866596005166075711e-01	-1.938779293414600313e-01	2.395357424389887580e-01
1.268798854791290120e-01	-8.898121459406731215e-02	1.017198962775848897e-01	-1.720198906455575327e-01	1.417107806594462560e-01	-8.549234159315260984e-02	9.410959961750001157e-02	-1.432763016201483164e-01	1.902787245430453134e-01	-1.771430108478826426e-01	1.630504480686631452e-01	-1.773525984498042773e-01	2.373748060319487985e-01	-7.705921420129726584e-01	9.999999999999997780e-01	-1.654064104619505093e-01	1.268785567970400208e-01	-2.118546545518132929e-01	2.043948043271401616e-01	-3.942789152806651654e-01
-2.113156091903814482e-01	7.962592428985820758e-02	-5.961015835820551029e-02	7.003184235818712966e-02	-5.751295450309376611e-02	1.320162761375343607e-01	-9.293034928704139996e-02	7.681327419046984906e-02	-7.652262076389733381e-02	5.534696396154881876e-02	-2.743024849420566680e-01	2.182413053789690749e-01	-2.733358766561146957e-01	1.433014569027497576e-01	-1.654064104619505093e-01	1.000000000000000222e+00	-8.017785512296394801e-01	2.821964539991299037e-01	-2.327265816456705882e-01	1.878681297472266087e-01
1.379395866540948645e-01	-6.480847335475931059e-02	4.677919280394442908e-02	-5.555155449711727395e-02	4.382821141297787992e-02	-9.194810568394455597e-02	7.370160964002932247e-02	-6.126453881099004628e-02	5.964778719218235409e-02	-4.309667801319147507e-02	1.863693344699618448e-01	-2.263167326302960025e-01	2.215676766730070302e-01	-1.202316609557079197e-01	1.268785567970400208e-01	-8.017785512296394801e-01	9.999999999999997780e-01	-4.478012226260600914e-01	2.010273938727279441e-01	-1.849418163881998978e-01
-1.926422256385337817e-01	8.281577008529704409e-02	-6.437448310592150391e-02	7.939536345460430911e-02	-6.520324419875538069e-02	1.236707786056220615e-01	-9.514937481883070647e-02	8.407519740568838995e-02	-8.798505950758082894e-02	6.407486088343308794e-02	-2.541850030102594804e-01	2.374231964390052518e-01	-4.516590678815285420e-01	1.866596005166075711e-01	-2.118546545518132929e-01	2.821964539991299037e-01	-4.478012226260600914e-01	9.999999999999996669e-01	-5.569278520968843349e-01	2.874709892940250366e-01
1.331855402204869809e-01	-6.410110211341860098e-02	5.442865081101950359e-02	-7.340416915096574513e-02	5.866851924318867290e-02	-8.677405006485611194e-02	7.095247536542864664e-02	-7.320502657338956443e-02	7.977950981864515012e-02	-6.038512152396939558e-02	1.708768552674304053e-01	-1.682732087806665111e-01	2.308285657756557474e-01	-1.938779293414600313e-01	2.043948043271401616e-01	-2.327265816456705882e-01	2.010273938727279441e-01	-5.569278520968843349e-01	9.999999999999997780e-01	-6.944672587211029313e-01
-2.072901083538396527e-01	8.338039733972321677e-02	-7.259519014752680022e-02	9.655453813907560745e-02	-8.579884016332584018e-02	1.280912022369055103e-01	-9.462014240265209652e-02	9.523921363758230951e-02	-1.096503282399369783e-01	8.544914435279975240e-02	-2.574053376696374684e-01	1.979765362174823462e-01	-3.005179288882223188e-01	2.395357424389887580e-01	-3.942789152806651654e-01	1.878681297472266087e-01	-1.849418163881998978e-01	2.874709892940250366e-01	-6.944672587211029313e-01	9.999999999999997780e-01
