3.009196906857858345e-01
2.358194347715714123e-01
1.275809563113483147e+00
6.541281551909245984e-01
2.172092016929916269e-01
1.825255633146039891e+00
8.058457360391817481e-01
1.303678442806714965e+00
5.206437993766512839e-01
4.155029802730951793e-01
5.296218957378586722e-01
1.917304179019986954e+00
2.517938749144139621e-01
8.717332024024875281e-01
1.809183972758473313e+00
1.183397089960487314e-01
1.922098159535869488e+00
1.467189527091673718e+00
1.085228574026852577e+00
1.270846722829440445e+00
1.990752417685073272e+00
8.272562734940325235e-01
1.554729973605222249e-01
1.014609720724158226e+00
1.324096751582005016e+00
2.108165911749111388e-01
8.937695686501356818e-01
1.107974860582806365e+00
7.729012798939018936e-01
9.948955891856399170e-01
1.959711298156763259e+00
