5.308954880597149817e-01
1.085253506347774177e+00
5.058963398055280614e-01
7.397338638378831988e-01
1.791174780245330389e-01
1.721194143301317592e+00
4.862851110514090358e-01
1.703890247353978538e+00
1.379012099860757790e+00
1.587959364028108666e+00
1.411815924823924817e-01
1.698054171966326020e+00
1.057129675369733679e+00
1.171319088571362244e+00
2.910873903397428464e-01
1.655578423096532692e+00
5.962425876173571559e-01
3.756498661757730062e-01
1.465351898546448872e+00
1.075115123230480751e+00
1.654224302901572408e+00
1.735406342105108912e+00
1.750292759699931811e+00
9.137028298678786520e-01
7.560492448568103541e-01
1.668109692622066209e+00
3.465754590087932741e-02
1.462630104243531015e+00
1.333967201814554304e+00
1.109222074904788968e+00
1.695039728352544461e+00
