1.380038033146961940e+00
1.114664932757147842e+00
1.700549512350026937e-01
1.589300670227469681e+00
1.057912293604039711e+00
1.571734501909709092e+00
7.841588974129982681e-01
1.942816505374853620e-01
2.516198857057494465e-02
5.685518367680471030e-01
8.446257928211333699e-01
1.365604375124854553e+00
3.710925544236869378e-01
1.337814101825293367e+00
6.808938408592770664e-01
7.801890563977549320e-01
3.794146160150675406e-01
1.051033056910351426e+00
1.859086719011494360e+00
1.032034361552327972e+00
7.320366133208477954e-01
1.847131720582693148e+00
1.369142545790587029e-01
1.015107733405652191e+00
1.387799587734565687e+00
1.489463473141464434e+00
1.780554108723838347e+00
4.975201106653543981e-01
3.723753699950145268e-01
1.891146567569829351e+00
1.368222549046164804e+00
