9.508800958673568893e-01
8.373768140147639372e-01
8.789012671272833366e-01
1.240326659305095447e-01
1.109423463812880595e+00
3.601230184672932211e-01
3.466117399835648705e-01
1.820755200121492390e+00
8.355753531571736836e-01
6.802307331218671038e-02
5.123604384113695787e-01
6.539142776014212899e-01
1.079346110794736191e+00
3.627392458942013675e-01
1.406622558749022200e+00
1.653534789179489373e+00
8.990038889376181785e-01
3.627717084997561514e-01
5.060728266121934382e-01
7.451709364646363909e-02
1.497634914533523265e+00
1.108161317015663450e-01
1.385356215793536183e+00
9.316809732299522473e-01
6.430574578678052156e-01
1.432357123565391355e+00
2.509407751214824955e-01
9.592227025496380399e-01
1.308041240950267525e+00
1.916512385258210660e+00
1.159681710921168118e+00
