9.193144221527673743e-01
1.094759500214932402e-01
9.288864290319747141e-01
3.835734954768708072e-01
1.184198725286497833e+00
1.264958051943484207e+00
1.103414794855137160e+00
4.130932666828788236e-01
1.544963134711998087e+00
1.645381368487276674e+00
5.995252215278523700e-01
1.327339932185565008e+00
7.761091892653055879e-01
1.379817330355872507e-01
3.204384256035366363e-01
1.474801770100537368e+00
1.049787442707291074e+00
1.314435478056908302e+00
7.551262991914362566e-01
9.392773929945885669e-02
5.623028674637819968e-01
1.410555557061269116e+00
9.919810560295156954e-01
8.144199924564263782e-01
1.063818572529518836e+00
7.901021772092748918e-01
1.215228468377444582e+00
1.011622833593781134e+00
1.837895743812621774e+00
1.119832667470518128e+00
6.364925561282794853e-01
