1.000000000000000000e+00	-6.686456788928054618e-01	2.032900711664381022e-01	-1.589625973132340053e-01	1.518355122229024246e-01	-4.805136343707928082e-01	2.995769928253220193e-01	-2.243201018185977114e-01	1.285379674819590035e-01	-1.293935660735474058e-01	2.767347094409090547e-01	-2.756524457468275680e-01	1.987318363303911262e-01	-1.387393107325292640e-01	1.364167556387601010e-01	-2.389027622235126436e-01	1.769758589278669636e-01	-2.033144139270231243e-01	1.198453472103350043e-01	-1.735005370286536730e-01
-6.686456788928054618e-01	1.000000000000000000e+00	-2.824431717724923407e-01	1.624622010869309352e-01	-1.578060295101430532e-01	2.685358786757823801e-01	-5.249618151199432203e-01	2.185394243672502124e-01	-1.287039594998521941e-01	1.223733666156871236e-01	-2.648472824610437204e-01	2.479699845164512750e-01	-2.077996165153018771e-01	1.240457277502004380e-01	-1.273848044181118411e-01	1.857411298270429945e-01	-1.734368501271191798e-01	1.678768115216915657e-01	-1.042790956851757378e-01	1.427637824409850320e-01
2.032900711664381022e-01	-2.824431717724923407e-01	9.999999999999997780e-01	-6.638510848168595047e-01	2.811121514409764544e-01	-1.576098563694954546e-01	1.977890992450156704e-01	-3.856601221616962061e-01	2.632485750104009981e-01	-2.616410292397295390e-01	1.650457979694127664e-01	-1.833627597713415880e-01	2.433573765985314052e-01	-2.439482707207696333e-01	2.112571291426076081e-01	-1.497753024877102046e-01	1.252170199088845914e-01	-2.863423315148169168e-01	1.790060603586109134e-01	-2.546893445821539204e-01
-1.589625973132340053e-01	1.624622010869309352e-01	-6.638510848168595047e-01	1.000000000000000222e+00	-4.695531197852278460e-01	1.138546545642010049e-01	-1.434747150496318013e-01	2.294454894463469341e-01	-4.266632986822267437e-01	2.784183841723124053e-01	-1.304260938480348853e-01	1.297797356421100112e-01	-1.973572108572328454e-01	2.220967282404932019e-01	-2.136775521632275909e-01	1.077568031699373402e-01	-9.349791621085352944e-02	2.097667675306505997e-01	-1.536451513992288520e-01	1.975279855367856607e-01
1.518355122229024246e-01	-1.578060295101430532e-01	2.811121514409764544e-01	-4.695531197852278460e-01	1.000000000000000444e+00	-1.267024059454389673e-01	1.456455274574041947e-01	-2.505493826335081775e-01	3.144947215689353204e-01	-6.089693766853326862e-01	1.416783852680899569e-01	-1.491096794268457482e-01	2.069150596918747920e-01	-2.914243650618703052e-01	2.617484047697839489e-01	-1.320460707324849214e-01	1.086408835007400264e-01	-3.229685676858948806e-01	2.090434144503041658e-01	-3.119850477027265034e-01
-4.805136343707928082e-01	2.685358786757823801e-01	-1.576098563694954546e-01	1.138546545642010049e-01	-1.267024059454389673e-01	1.000000000000000222e+00	-3.588609054331527437e-01	1.794810908689569440e-01	-1.018637335526115240e-01	9.923129171961386774e-02	-7.053410294833407645e-01	2.329877076122118251e-01	-1.802659752737191812e-01	1.052286672077956953e-01	-1.103561737640485207e-01	2.222234889556489457e-01	-1.874814256162229686e-01	1.519009136123704862e-01	-9.222148678253735965e-02	1.277729393940460201e-01
2.995769928253220193e-01	-5.249618151199432203e-01	1.977890992450156704e-01	-1.434747150496318013e-01	1.456455274574041947e-01	-3.588609054331527437e-01	1.000000000000000222e+00	-3.412804603475305121e-01	1.277487407979740475e-01	-1.204845240134339163e-01	2.611755465900649775e-01	-5.471349188411785969e-01	2.531372131857651531e-01	-1.260149702979511954e-01	1.264707671257628840e-01	-2.577093450237539218e-01	2.242444154505521259e-01	-1.789262193782190369e-01	1.077119647438231631e-01	-1.446523939595359409e-01
-2.243201018185977114e-01	2.185394243672502124e-01	-3.856601221616962061e-01	2.294454894463469341e-01	-2.505493826335081775e-01	1.794810908689569440e-01	-3.412804603475305121e-01	1.000000000000000444e+00	-2.731117962388789899e-01	1.992631649397973992e-01	-2.086416634538164061e-01	2.502301430476379096e-01	-6.781042994523033274e-01	1.980206840013656044e-01	-2.032582716225038721e-01	1.731790128434259890e-01	-1.641043958526577085e-01	2.461071836636259946e-01	-1.627109890886246357e-01	1.974752966490120054e-01
1.285379674819590035e-01	-1.287039594998521941e-01	2.632485750104009981e-01	-4.266632986822267437e-01	3.144947215689353204e-01	-1.018637335526115240e-01	1.277487407979740475e-01	-2.731117962388789899e-01	9.999999999999985567e-01	-5.969384789472892416e-01	1.178617982552749854e-01	-1.229070813183511524e-01	1.984121679829352336e-01	-4.755260898401059144e-01	2.707758272363804397e-01	-1.020013545289701895e-01	8.820463952087158332e-02	-2.442625211051538958e-01	1.993904933316069106e-01	-2.366965998824422102e-01
-1.293935660735474058e-01	1.223733666156871236e-01	-2.616410292397295390e-01	2.784183841723124053e-01	-6.089693766853326862e-01	9.923129171961386774e-02	-1.204845240134339163e-01	1.992631649397973992e-01	-5.969384789472892416e-01	1.000000000000000222e+00	-1.184328490057766914e-01	1.154638683580796327e-01	-1.854954455137559077e-01	2.716594130534187301e-01	-3.402167626502455300e-01	9.818036533836965729e-02	-8.517384845518251313e-02	2.177859732586703567e-01	-1.791378179596846143e-01	2.235078879478540614e-01
2.767347094409090547e-01	-2.648472824610437204e-01	1.650457979694127664e-01	-1.304260938480348853e-01	1.416783852680899569e-01	-7.053410294833407645e-01	2.611755465900649775e-01	-2.086416634538164061e-01	1.178617982552749854e-01	-1.184328490057766914e-01	1.000000000000001110e+00	-3.107553709851295087e-01	1.990746619216291757e-01	-1.314763602507005857e-01	1.326069346137019045e-01	-3.998778071060262729e-01	2.317656992168211916e-01	-2.034897364949120879e-01	1.180192571226769821e-01	-1.706745973856867438e-01
-2.756524457468275680e-01	2.479699845164512750e-01	-1.833627597713415880e-01	1.297797356421100112e-01	-1.491096794268457482e-01	2.329877076122118251e-01	-5.471349188411785969e-01	2.502301430476379096e-01	-1.229070813183511524e-01	1.154638683580796327e-01	-3.107553709851295087e-01	1.000000000000000444e+00	-3.782210823340662054e-01	1.237343009660569482e-01	-1.309918728538583821e-01	2.915885609089845509e-01	-5.073679055269711968e-01	1.834123995705094490e-01	-1.113752483375478886e-01	1.417116642085345657e-01
1.987318363303911262e-01	-2.077996165153018771e-01	2.433573765985314052e-01	-1.973572108572328454e-01	2.069150596918747920e-01	-1.802659752737191812e-01	2.531372131857651531e-01	-6.781042994523033274e-01	1.984121679829352336e-01	-1.854954455137559077e-01	1.990746619216291757e-01	-3.782210823340662054e-01	1.000000000000000222e+00	-2.175556034560550134e-01	1.994122452648665333e-01	-2.162452686882392894e-01	1.885484973484941595e-01	-3.772091380204452560e-01	1.908644662364753219e-01	-2.401998762233209794e-01
-1.387393107325292640e-01	1.240457277502004380e-01	-2.439482707207696333e-01	2.220967282404932019e-01	-2.914243650618703052e-01	1.052286672077956953e-01	-1.260149702979511954e-01	1.980206840013656044e-01	-4.755260898401059144e-01	2.716594130534187301e-01	-1.314763602507005857e-01	1.237343009660569482e-01	-2.175556034560550134e-01	1.000000000000000000e+00	-5.848827280208149793e-01	1.051677662668551727e-01	-9.414110572912637309e-02	2.849828516330564776e-01	-4.393237087467694035e-01	3.080963915290372834e-01
1.364167556387601010e-01	-1.273848044181118411e-01	2.112571291426076081e-01	-2.136775521632275909e-01	2.617484047697839489e-01	-1.103561737640485207e-01	1.264707671257628840e-01	-2.032582716225038721e-01	2.707758272363804397e-01	-3.402167626502455300e-01	1.326069346137019045e-01	-1.309918728538583821e-01	1.994122452648665333e-01	-5.848827280208149793e-01	1.000000000000000222e+00	-1.169088081598617934e-01	9.976455680373995383e-02	-3.645809062554514757e-01	3.048023244791479569e-01	-5.509970454705952481e-01
-2.389027622235126436e-01	1.857411298270429945e-01	-1.497753024877102046e-01	1.077568031699373402e-01	-1.320460707324849214e-01	2.222234889556489457e-01	-2.577093450237539218e-01	1.731790128434259890e-01	-1.020013545289701895e-01	9.818036533836965729e-02	-3.998778071060262729e-01	2.915885609089845509e-01	-2.162452686882392894e-01	1.051677662668551727e-01	-1.169088081598617934e-01	1.000000000000000444e+00	-7.544519729592876756e-01	1.583681798613325586e-01	-9.790701192572356937e-02	1.236203966352636824e-01
1.769758589278669636e-01	-1.734368501271191798e-01	1.252170199088845914e-01	-9.349791621085352944e-02	1.086408835007400264e-01	-1.874814256162229686e-01	2.242444154505521259e-01	-1.641043958526577085e-01	8.820463952087158332e-02	-8.517384845518251313e-02	2.317656992168211916e-01	-5.073679055269711968e-01	1.885484973484941595e-01	-9.414110572912637309e-02	9.976455680373995383e-02	-7.544519729592876756e-01	1.000000000000000444e+00	-1.610528084820622152e-01	9.006699923848140998e-02	-1.127203446693433864e-01
-2.033144139270231243e-01	1.678768115216915657e-01	-2.863423315148169168e-01	2.097667675306505997e-01	-3.229685676858948806e-01	1.519009136123704862e-01	-1.789262193782190369e-01	2.461071836636259946e-01	-2.442625211051538958e-01	2.177859732586703567e-01	-2.034897364949120879e-01	1.834123995705094490e-01	-3.772091380204452560e-01	2.849828516330564776e-01	-3.645809062554514757e-01	1.583681798613325586e-01	-1.610528084820622152e-01	1.000000000000000222e+00	-5.949218467220688256e-01	3.168674145985480584e-01
1.198453472103350043e-01	-1.042790956851757378e-01	1.790060603586109134e-01	-1.536451513992288520e-01	2.090434144503041658e-01	-9.222148678253735965e-02	1.077119647438231631e-01	-1.627109890886246357e-01	1.993904933316069106e-01	-1.791378179596846143e-01	1.180192571226769821e-01	-1.113752483375478886e-01	1.908644662364753219e-01	-4.393237087467694035e-01	3.048023244791479569e-01	-9.790701192572356937e-02	9.006699923848140998e-02	-5.949218467220688256e-01	1.000000000000000222e+00	-5.832279534976853030e-01
-1.735005370286536730e-01	1.427637824409850320e-01	-2.546893445821539204e-01	1.975279855367856607e-01	-3.119850477027265034e-01	1.277729393940460201e-01	-1.446523939595359409e-01	1.974752966490120054e-01	-2.366965998824422102e-01	2.235078879478540614e-01	-1.706745973856867438e-01	1.417116642085345657e-01	-2.401998762233209794e-01	3.080963915290372834e-01	-5.509970454705952481e-01	1.236203966352636824e-01	-1.127203446693433864e-01	3.168674145985480584e-01	-5.832279534976853030e-01	1.000000000000000222e+00
