9.572803908170035569e-01
1.298668695254736605e-01
3.641063087044011937e-01
5.436813627781211800e-01
1.210467207009813251e-01
1.160646341241406088e+00
7.377120597474520203e-01
1.628835284657730309e+00
1.413762629133597848e+00
1.703412943818519487e+00
1.047686288084479500e-01
1.666107620890278973e+00
1.933860279270795957e+00
1.091348604932743438e+00
3.711604523107352449e-01
5.237405159243082586e-01
1.240182727443140731e+00
8.206684853151631209e-01
2.993018670362910250e-01
6.327576909382592873e-02
1.211222349269807097e+00
1.627391542613179531e+00
1.603892674755491132e+00
9.874158016933209936e-01
5.721278354439585101e-01
2.803144881659447307e-02
2.039162175315123449e-02
1.646840600261619159e+00
1.267841512152016126e+00
7.181352888792615907e-01
1.440235780084058170e+00
