2.519467453456920580e-01
2.173526247736368155e-01
1.849618021724799277e+00
4.714046854211164650e-01
1.654531197019279087e+00
1.903535687386815223e+00
2.224078412928678361e-01
7.675607204437153719e-01
1.644287091525999056e+00
1.227261716710379424e-01
2.882453045163657634e-01
2.875232300781416228e-01
1.872289061594845094e-02
1.071778863435530305e+00
1.101122959555739911e+00
1.822447673249604438e+00
1.623180272999854346e+00
3.083152929049068902e-01
5.092858879582662368e-01
4.507416971368316538e-01
1.383888175646598828e+00
1.306601809139426251e+00
1.454232097878064955e+00
1.291605766968904057e+00
1.113582194584593843e+00
5.814933645226201264e-01
6.922527509902671738e-01
1.302561357947332077e+00
1.605518227469781234e+00
7.211156445987603192e-01
1.197631145294232979e+00
