1.000000000000000000e+00	-7.659042563098066303e-01	2.493922176001810154e-01	-2.670822893543798870e-01	1.821962714297276353e-01	-2.197230160871821991e-01	2.671609963374195762e-01	-2.263459850606565904e-01	1.603693319275900364e-01	-1.680823485883134738e-01	1.764607006565052094e-01	-2.697028171319221790e-01	1.605977188828478508e-01	-1.490273192929515711e-01	1.093288524595996125e-01	-2.740758910166783413e-01	1.735760945025017210e-01	-1.482390492282401329e-01	1.576083699080100542e-01	-1.485073945017859054e-01
-7.659042563098066303e-01	1.000000000000000000e+00	-3.595463126579869773e-01	2.227803596900063965e-01	-1.561060218231854479e-01	1.651903745427282799e-01	-3.812323960972551218e-01	1.743442423559640464e-01	-1.336877986817670561e-01	1.273998155003919774e-01	-1.585508568393433904e-01	2.211102083073885338e-01	-1.323738083298356960e-01	1.168823812881316232e-01	-8.461663395198958104e-02	1.899226708450107437e-01	-1.447379546528412275e-01	1.163195029383617130e-01	-1.280387036687763991e-01	1.108453593287804378e-01
2.493922176001810154e-01	-3.595463126579869773e-01	1.000000000000000000e+00	-7.723296008584332739e-01	2.318822374004392561e-01	-1.018161604628187861e-01	1.641923175796378420e-01	-3.090753086535429350e-01	2.312260830958697833e-01	-2.039206673790892599e-01	1.013332642677373524e-01	-1.490342960893576429e-01	1.607926598935602858e-01	-1.760227741214282493e-01	1.257974382743126118e-01	-1.925754236549287735e-01	1.305495427494222094e-01	-1.288910922157074923e-01	1.617294039357295432e-01	-1.636833576085902353e-01
-2.670822893543798870e-01	2.227803596900063965e-01	-7.723296008584332739e-01	1.000000000000000222e+00	-3.384866860014022483e-01	9.375355553213993165e-02	-1.529574173320793762e-01	2.574462524578770561e-01	-3.298025705955980325e-01	2.080362572673832844e-01	-9.889041364120705613e-02	1.322802225288572664e-01	-1.680704513492579100e-01	1.823370328351516245e-01	-1.325507563470377237e-01	1.762504292197252520e-01	-1.281706263278000468e-01	1.278373097775273026e-01	-1.737285990808664915e-01	1.613481664665201987e-01
1.821962714297276353e-01	-1.561060218231854479e-01	2.318822374004392561e-01	-3.384866860014022483e-01	1.000000000000000000e+00	-9.984974949447060488e-02	1.517663377701934102e-01	-3.559317020230655659e-01	2.760993999897713436e-01	-6.102310817562148770e-01	1.079877987014382784e-01	-1.552708863293187913e-01	2.288350823672196110e-01	-2.654903358054324647e-01	2.787487689543947655e-01	-3.124059995306168735e-01	1.830271745195471700e-01	-1.960716715823516421e-01	2.554544239925822802e-01	-4.061531492915954611e-01
-2.197230160871821991e-01	1.651903745427282799e-01	-1.018161604628187861e-01	9.375355553213993165e-02	-9.984974949447060488e-02	9.999999999999997780e-01	-3.522767558169407343e-01	1.134530156746833135e-01	-8.291683456824656961e-02	8.290269744863394685e-02	-8.639871504898120058e-01	2.414714894192304950e-01	-1.069307118323355871e-01	8.298893466071229075e-02	-5.811576298935756946e-02	1.683767715240641338e-01	-1.389710986145678562e-01	9.961522829984610639e-02	-9.939374387247135179e-02	7.622895572037607925e-02
2.671609963374195762e-01	-3.812323960972551218e-01	1.641923175796378420e-01	-1.529574173320793762e-01	1.517663377701934102e-01	-3.522767558169407343e-01	9.999999999999998890e-01	-2.031073869751423011e-01	1.353310392449680877e-01	-1.309630723782579387e-01	2.561657652139248675e-01	-6.869185586001045341e-01	1.737557766619930721e-01	-1.359419257991107965e-01	9.197246213040791152e-02	-2.928041300852651796e-01	2.344635625155401804e-01	-1.741202422988619714e-01	1.561359745070908800e-01	-1.206221671008931434e-01
-2.263459850606565904e-01	1.743442423559640464e-01	-3.090753086535429350e-01	2.574462524578770561e-01	-3.559317020230655659e-01	1.134530156746833135e-01	-2.031073869751423011e-01	9.999999999999995559e-01	-6.149838463023076240e-01	2.626232486148476486e-01	-1.274048387694701745e-01	1.771587599571539384e-01	-3.988777876628094576e-01	3.011989796640370254e-01	-1.983441827577712979e-01	2.387454028590630939e-01	-2.044836012085123889e-01	2.257763646051570705e-01	-3.287363718915829458e-01	2.165447684645361304e-01
1.603693319275900364e-01	-1.336877986817670561e-01	2.312260830958697833e-01	-3.298025705955980325e-01	2.760993999897713436e-01	-8.291683456824656961e-02	1.353310392449680877e-01	-6.149838463023076240e-01	1.000000000000000444e+00	-3.660819910473936956e-01	9.034766188346785021e-02	-1.331114905570953411e-01	2.581555970306513847e-01	-5.003740912350740366e-01	2.138551359476327796e-01	-2.038817692231277290e-01	1.522659089665848176e-01	-1.860212449716639738e-01	2.628993366607219606e-01	-2.296876940904515885e-01
-1.680823485883134738e-01	1.273998155003919774e-01	-2.039206673790892599e-01	2.080362572673832844e-01	-6.102310817562148770e-01	8.290269744863394685e-02	-1.309630723782579387e-01	2.626232486148476486e-01	-3.660819910473936956e-01	1.000000000000000000e+00	-9.379657970994614846e-02	1.268132035802591595e-01	-2.293299396823351433e-01	2.612178898553698114e-01	-5.148513798976069866e-01	2.034553187526421947e-01	-1.560062411892490508e-01	1.691569220570969811e-01	-2.783871678685320150e-01	3.100453003513258254e-01
1.764607006565052094e-01	-1.585508568393433904e-01	1.013332642677373524e-01	-9.889041364120705613e-02	1.079877987014382784e-01	-8.639871504898120058e-01	2.561657652139248675e-01	-1.274048387694701745e-01	9.034766188346785021e-02	-9.379657970994614846e-02	9.999999999999996669e-01	-3.251491714555180268e-01	1.184401649889327834e-01	-9.387602970020703097e-02	6.545440504784830194e-02	-2.170342230783618431e-01	1.562924493058746034e-01	-1.167660068714151678e-01	1.102379630537087263e-01	-8.726487428491883080e-02
-2.697028171319221790e-01	2.211102083073885338e-01	-1.490342960893576429e-01	1.322802225288572664e-01	-1.552708863293187913e-01	2.414714894192304950e-01	-6.869185586001045341e-01	1.771587599571539384e-01	-1.331114905570953411e-01	1.268132035802591595e-01	-3.251491714555180268e-01	9.999999999999994449e-01	-2.243115123296637869e-01	1.421612191779549617e-01	-9.339009844549080175e-02	2.721899220090230886e-01	-4.199830560370546029e-01	2.031744576122718748e-01	-1.790020964395717118e-01	1.195146684499518580e-01
1.605977188828478508e-01	-1.323738083298356960e-01	1.607926598935602858e-01	-1.680704513492579100e-01	2.288350823672196110e-01	-1.069307118323355871e-01	1.737557766619930721e-01	-3.988777876628094576e-01	2.581555970306513847e-01	-2.293299396823351433e-01	1.184401649889327834e-01	-2.243115123296637869e-01	1.000000000000000222e+00	-4.623726468291528557e-01	1.874507444105553144e-01	-3.416656934147561109e-01	2.678773049905680548e-01	-5.789758617547197117e-01	3.210511469805716889e-01	-2.340476909201560929e-01
-1.490273192929515711e-01	1.168823812881316232e-01	-1.760227741214282493e-01	1.823370328351516245e-01	-2.654903358054324647e-01	8.298893466071229075e-02	-1.359419257991107965e-01	3.011989796640370254e-01	-5.003740912350740366e-01	2.612178898553698114e-01	-9.387602970020703097e-02	1.421612191779549617e-01	-4.623726468291528557e-01	9.999999999999993339e-01	-3.340567725771285135e-01	2.232258015653241778e-01	-1.865564753781294716e-01	2.544188166937342288e-01	-5.237540841690313531e-01	2.630415095288761163e-01
1.093288524595996125e-01	-8.461663395198958104e-02	1.257974382743126118e-01	-1.325507563470377237e-01	2.787487689543947655e-01	-5.811576298935756946e-02	9.197246213040791152e-02	-1.983441827577712979e-01	2.138551359476327796e-01	-5.148513798976069866e-01	6.545440504784830194e-02	-9.339009844549080175e-02	1.874507444105553144e-01	-3.340567725771285135e-01	9.999999999999996669e-01	-1.562201059553662008e-01	1.179127777245937703e-01	-1.441652454854174259e-01	2.410119410754572311e-01	-7.152215860703863282e-01
-2.740758910166783413e-01	1.899226708450107437e-01	-1.925754236549287735e-01	1.762504292197252520e-01	-3.124059995306168735e-01	1.683767715240641338e-01	-2.928041300852651796e-01	2.387454028590630939e-01	-2.038817692231277290e-01	2.034553187526421947e-01	-2.170342230783618431e-01	2.721899220090230886e-01	-3.416656934147561109e-01	2.232258015653241778e-01	-1.562201059553662008e-01	9.999999999999994449e-01	-6.131774628436130747e-01	2.951682891145949728e-01	-3.556982643541087841e-01	1.922045703545312012e-01
1.735760945025017210e-01	-1.447379546528412275e-01	1.305495427494222094e-01	-1.281706263278000468e-01	1.830271745195471700e-01	-1.389710986145678562e-01	2.344635625155401804e-01	-2.044836012085123889e-01	1.522659089665848176e-01	-1.560062411892490508e-01	1.562924493058746034e-01	-4.199830560370546029e-01	2.678773049905680548e-01	-1.865564753781294716e-01	1.179127777245937703e-01	-6.131774628436130747e-01	9.999999999999997780e-01	-5.172563968860237615e-01	2.485529541764773254e-01	-1.551747490651592398e-01
-1.482390492282401329e-01	1.163195029383617130e-01	-1.288910922157074923e-01	1.278373097775273026e-01	-1.960716715823516421e-01	9.961522829984610639e-02	-1.741202422988619714e-01	2.257763646051570705e-01	-1.860212449716639738e-01	1.691569220570969811e-01	-1.167660068714151678e-01	2.031744576122718748e-01	-5.789758617547197117e-01	2.544188166937342288e-01	-1.441652454854174259e-01	2.951682891145949728e-01	-5.172563968860237615e-01	9.999999999999995559e-01	-4.797459290810177635e-01	1.787858937178928853e-01
1.576083699080100542e-01	-1.280387036687763991e-01	1.617294039357295432e-01	-1.737285990808664915e-01	2.554544239925822802e-01	-9.939374387247135179e-02	1.561359745070908800e-01	-3.287363718915829458e-01	2.628993366607219606e-01	-2.783871678685320150e-01	1.102379630537087263e-01	-1.790020964395717118e-01	3.210511469805716889e-01	-5.237540841690313531e-01	2.410119410754572311e-01	-3.556982643541087841e-01	2.485529541764773254e-01	-4.797459290810177635e-01	9.999999999999993339e-01	-3.681964503004876987e-01
-1.485073945017859054e-01	1.108453593287804378e-01	-1.636833576085902353e-01	1.613481664665201987e-01	-4.061531492915954611e-01	7.622895572037607925e-02	-1.206221671008931434e-01	2.165447684645361304e-01	-2.296876940904515885e-01	3.100453003513258254e-01	-8.726487428491883080e-02	1.195146684499518580e-01	-2.340476909201560929e-01	2.630415095288761163e-01	-7.152215860703863282e-01	1.922045703545312012e-01	-1.551747490651592398e-01	1.787858937178928853e-01	-3.681964503004876987e-01	9.999999999999993339e-01
