1.136154292037288904e+00
9.050322579041929494e-01
9.451343927897006836e-01
9.424959821015259642e-01
1.751407324799547194e+00
1.042866696852944308e+00
1.546549302392233205e+00
1.840663054238042662e+00
2.932634670033098523e-01
1.212947910200336210e+00
5.285684879776306744e-01
1.469291814923391115e+00
3.531316555413246405e-01
1.603006276151696774e+00
7.890073936919796971e-01
1.597602804581591318e+00
1.934126003487441459e+00
1.355654441487891937e+00
1.029645268672717329e+00
1.564769163821485787e+00
1.489196049448535675e-01
2.696285330186256601e-01
1.985763048327909619e+00
3.795860161022326373e-01
7.111573767238574817e-01
3.999718337337458962e-01
9.128390063595461790e-01
1.920051628085699846e+00
1.847599745371608204e+00
5.167211890865637258e-01
6.502194729307242405e-01
