1.680757304682807263e+00
5.097596548034122321e-01
1.342428682828269437e+00
5.504179614606905524e-01
5.778485190242319547e-01
1.506332316617795986e+00
1.998783064117026775e+00
1.487073463065655243e+00
3.444120551336697922e-01
6.303402594307847551e-01
1.521903724000725155e+00
1.586449366879748801e+00
1.335985346248138139e+00
1.926430775621194247e+00
8.278685233465510329e-01
1.712795486446966553e+00
1.228925964646387925e-02
2.740799831275313458e-01
3.801520395434065946e-02
9.370480870445261345e-01
1.738066272899571718e+00
9.992117813518075486e-01
6.844803772064533831e-02
1.157645731719480153e+00
2.809979991416233780e-01
1.229305942817077835e+00
6.010184940350948857e-01
8.168287128570219657e-01
9.668249274594598042e-01
2.112352575798692733e-01
1.233578691783318693e+00
