4.328484595484884956e-01
1.714936912672746949e+00
2.900012436590180265e-01
1.827068433092369659e+00
5.449153845652476846e-01
1.928218748968144602e+00
1.022262888508653766e-01
6.545538851351180298e-01
1.300002569085776383e+00
1.557922549975760074e+00
4.907424175197512284e-01
1.563721838768100891e+00
1.256153962531259882e+00
3.772705520204233665e-01
7.007227776843727440e-02
1.785598552306266296e+00
1.717729067372856910e+00
6.749499801244764896e-01
1.623910848335257562e+00
2.882377595736973497e-01
4.199385953152288131e-01
4.463256814988616483e-01
6.172197033575184122e-01
2.900138062295254393e-01
1.549456927467822265e+00
1.719778659245572605e+00
1.242391341705029184e+00
1.620289181751354501e+00
4.986746501976928592e-01
1.281265271541188966e+00
4.472310653098920952e-01
