1.000000000000000222e+00	-8.066031468877002952e-01	9.339538328390212252e-02	-6.362890663676595837e-02	7.999422201208826466e-02	-4.568742851815442152e-01	2.184485264380146841e-01	-7.550792065844998124e-02	5.616561136685824934e-02	-4.396571525052851703e-02	2.319802525544886473e-01	-1.371504507128138983e-01	8.817006927069251376e-02	-6.093703550427931326e-02	5.351336100224249326e-02	-2.107193882737153912e-01	1.441917874151954493e-01	-8.895134884828906352e-02	5.382927378817047720e-02	-7.535028845537095066e-02
-8.066031468877002952e-01	1.000000000000000666e+00	-1.382740233819823028e-01	8.911044659808207979e-02	-1.141110058566468244e-01	2.797619412181801546e-01	-3.416946248073006176e-01	1.076896887612246445e-01	-7.939558606016706988e-02	6.164265389718941862e-02	-2.774744018464140871e-01	1.601320461330912326e-01	-1.254169153247464141e-01	8.374492982441439359e-02	-7.479071019777742968e-02	2.210381397965936467e-01	-1.890938362512228910e-01	1.168995331323843812e-01	-7.200032093326942662e-02	9.883519416080771558e-02
9.339538328390212252e-02	-1.382740233819823028e-01	1.000000000000000444e+00	-4.785288236053567013e-01	2.701651908719214235e-01	-1.194268009179109136e-01	2.246833053384983681e-01	-6.096029253599342113e-01	2.269263525600211662e-01	-1.778199970760451498e-01	1.085584224579015794e-01	-1.097799790438862555e-01	3.053973976686576997e-01	-2.409186354679334618e-01	1.794173410109747013e-01	-2.412159573268693180e-01	1.183158639220257963e-01	-3.228844015653021815e-01	1.764661699742263445e-01	-2.648738713045357684e-01
-6.362890663676595837e-02	8.911044659808207979e-02	-4.785288236053567013e-01	1.000000000000000666e+00	-6.346001619180121622e-01	8.174330635678489498e-02	-1.720597591531554116e-01	2.329406372644116929e-01	-4.356516876987069908e-01	2.563721273416096902e-01	-7.672001577647895310e-02	7.725079469386667008e-02	-2.436087892013947820e-01	2.412638854265876653e-01	-2.276034485411479458e-01	1.663127889192706210e-01	-8.601069786367898651e-02	2.148930421800955837e-01	-1.395588676655018789e-01	1.980841342573289310e-01
7.999422201208826466e-02	-1.141110058566468244e-01	2.701651908719214235e-01	-6.346001619180121622e-01	1.000000000000000444e+00	-1.072109809880725378e-01	1.966752367388744649e-01	-2.162112733824170796e-01	3.042643149402694536e-01	-3.928535964782360335e-01	9.983698895336774737e-02	-9.745901170101078925e-02	2.281551430942395653e-01	-3.229732450410174871e-01	2.539423262195304454e-01	-2.356394133198958518e-01	1.103323272871255950e-01	-3.081510941208214227e-01	1.920570976329087354e-01	-3.062130527485663056e-01
-4.568742851815442152e-01	2.797619412181801546e-01	-1.194268009179109136e-01	8.174330635678489498e-02	-1.072109809880725378e-01	1.000000000000000666e+00	-3.386725449805216281e-01	1.006282021643728763e-01	-7.463202737512474039e-02	5.812805671198564839e-02	-6.847439756420071744e-01	2.342656123687355263e-01	-1.211369651823651361e-01	7.989004264127699817e-02	-7.126798408015355690e-02	2.623558308975803555e-01	-2.639974988976437342e-01	1.162078215772025802e-01	-7.099980837945479850e-02	9.598206541832259020e-02
2.184485264380146841e-01	-3.416946248073006176e-01	2.246833053384983681e-01	-1.720597591531554116e-01	1.966752367388744649e-01	-3.386725449805216281e-01	1.000000000000000444e+00	-2.714968527469126536e-01	1.489311047591723447e-01	-1.192777766728558425e-01	2.681293785577002486e-01	-3.222858144499012312e-01	2.348481111583990422e-01	-1.766601563984392942e-01	1.428717048199610318e-01	-5.982064253439187684e-01	2.643153810125208336e-01	-2.770276814147016320e-01	1.593366774499295480e-01	-2.408577757521138396e-01
-7.550792065844998124e-02	1.076896887612246445e-01	-6.096029253599342113e-01	2.329406372644116929e-01	-2.162112733824170796e-01	1.006282021643728763e-01	-2.714968527469126536e-01	1.000000000000000666e+00	-2.226874470164334763e-01	1.473504838107154713e-01	-9.265479673518875470e-02	1.014728471555139677e-01	-6.235161191159905858e-01	1.982080158902745359e-01	-1.567593375758782881e-01	1.918313767318648444e-01	-1.051413117850556744e-01	2.458343806311396040e-01	-1.413068879228606967e-01	1.889292436547458376e-01
5.616561136685824934e-02	-7.939558606016706988e-02	2.269263525600211662e-01	-4.356516876987069908e-01	3.042643149402694536e-01	-7.463202737512474039e-02	1.489311047591723447e-01	-2.226874470164334763e-01	1.000000000000001110e+00	-6.508300601779689609e-01	6.985717368031223173e-02	-7.047737055760407154e-02	2.055129058347149318e-01	-4.230888915194646049e-01	3.026551717106680806e-01	-1.556097447233691644e-01	7.877647731183051727e-02	-2.168807992016167363e-01	1.528373411796639658e-01	-2.166728281571989045e-01
-4.396571525052851703e-02	6.164265389718941862e-02	-1.778199970760451498e-01	2.563721273416096902e-01	-3.928535964782360335e-01	5.812805671198564839e-02	-1.192777766728558425e-01	1.473504838107154713e-01	-6.508300601779689609e-01	1.000000000000001332e+00	-5.481989449334872394e-02	5.520911852986176011e-02	-1.651712870660907440e-01	3.013986050552635021e-01	-5.492470164304408264e-01	1.208179146956250560e-01	-6.220587210937780082e-02	1.669213855849790429e-01	-1.239264480028867133e-01	1.722773231896241597e-01
2.319802525544886473e-01	-2.774744018464140871e-01	1.085584224579015794e-01	-7.672001577647895310e-02	9.983698895336774737e-02	-6.847439756420071744e-01	2.681293785577002486e-01	-9.265479673518875470e-02	6.985717368031223173e-02	-5.481989449334872394e-02	1.000000000000001332e+00	-4.203690182465474878e-01	1.139581074604368582e-01	-7.695889904921568436e-02	6.759371694337100445e-02	-4.044813934681131262e-01	2.730849976897969933e-01	-1.186494588478074208e-01	7.049525783913410115e-02	-9.662243404883114062e-02
-1.371504507128138983e-01	1.601320461330912326e-01	-1.097799790438862555e-01	7.725079469386667008e-02	-9.745901170101078925e-02	2.342656123687355263e-01	-3.222858144499012312e-01	1.014728471555139677e-01	-7.047737055760407154e-02	5.520911852986176011e-02	-4.203690182465474878e-01	1.000000000000001554e+00	-1.332796327340426135e-01	7.954644792537673981e-02	-6.817890019825445513e-02	2.800674296469646274e-01	-7.843111523713000022e-01	1.326080499450323358e-01	-7.691423529716646945e-02	9.965322553076345902e-02
8.817006927069251376e-02	-1.254169153247464141e-01	3.053973976686576997e-01	-2.436087892013947820e-01	2.281551430942395653e-01	-1.211369651823651361e-01	2.348481111583990422e-01	-6.235161191159905858e-01	2.055129058347149318e-01	-1.651712870660907440e-01	1.139581074604368582e-01	-1.332796327340426135e-01	1.000000000000000444e+00	-3.130410817171524474e-01	1.974138415622657683e-01	-2.386253819741263327e-01	1.354458219553116849e-01	-4.696573161391695006e-01	2.177696980660122905e-01	-2.932175965407920470e-01
-6.093703550427931326e-02	8.374492982441439359e-02	-2.409186354679334618e-01	2.412638854265876653e-01	-3.229732450410174871e-01	7.989004264127699817e-02	-1.766601563984392942e-01	1.982080158902745359e-01	-4.230888915194646049e-01	3.013986050552635021e-01	-7.695889904921568436e-02	7.954644792537673981e-02	-3.130410817171524474e-01	1.000000000000000444e+00	-6.708642951546353039e-01	1.589899905445934791e-01	-9.050256516806325091e-02	2.421231921298102607e-01	-2.558127320684947525e-01	2.465924333394357848e-01
5.351336100224249326e-02	-7.479071019777742968e-02	1.794173410109747013e-01	-2.276034485411479458e-01	2.539423262195304454e-01	-7.126798408015355690e-02	1.428717048199610318e-01	-1.567593375758782881e-01	3.026551717106680806e-01	-5.492470164304408264e-01	6.759371694337100445e-02	-6.817890019825445513e-02	1.974138415622657683e-01	-6.708642951546353039e-01	1.000000000000000222e+00	-1.493195649142735337e-01	7.755501332760149358e-02	-2.252073227985662562e-01	1.835394486717470131e-01	-2.652633353924123694e-01
-2.107193882737153912e-01	2.210381397965936467e-01	-2.412159573268693180e-01	1.663127889192706210e-01	-2.356394133198958518e-01	2.623558308975803555e-01	-5.982064253439187684e-01	1.918313767318648444e-01	-1.556097447233691644e-01	1.208179146956250560e-01	-4.044813934681131262e-01	2.800674296469646274e-01	-2.386253819741263327e-01	1.589899905445934791e-01	-1.493195649142735337e-01	1.000000000000000222e+00	-4.203780878765607798e-01	2.099697654946716396e-01	-1.348580482225355537e-01	1.776701880407462464e-01
1.441917874151954493e-01	-1.890938362512228910e-01	1.183158639220257963e-01	-8.601069786367898651e-02	1.103323272871255950e-01	-2.639974988976437342e-01	2.643153810125208336e-01	-1.051413117850556744e-01	7.877647731183051727e-02	-6.220587210937780082e-02	2.730849976897969933e-01	-7.843111523713000022e-01	1.354458219553116849e-01	-9.050256516806325091e-02	7.755501332760149358e-02	-4.203780878765607798e-01	1.000000000000000666e+00	-1.721667896560277744e-01	9.234207982711722940e-02	-1.205519262752921816e-01
-8.895134884828906352e-02	1.168995331323843812e-01	-3.228844015653021815e-01	2.148930421800955837e-01	-3.081510941208214227e-01	1.162078215772025802e-01	-2.770276814147016320e-01	2.458343806311396040e-01	-2.168807992016167363e-01	1.669213855849790429e-01	-1.186494588478074208e-01	1.326080499450323358e-01	-4.696573161391695006e-01	2.421231921298102607e-01	-2.252073227985662562e-01	2.099697654946716396e-01	-1.721667896560277744e-01	1.000000000000000222e+00	-5.653879722984365142e-01	3.195070198769859315e-01
5.382927378817047720e-02	-7.200032093326942662e-02	1.764661699742263445e-01	-1.395588676655018789e-01	1.920570976329087354e-01	-7.099980837945479850e-02	1.593366774499295480e-01	-1.413068879228606967e-01	1.528373411796639658e-01	-1.239264480028867133e-01	7.049525783913410115e-02	-7.691423529716646945e-02	2.177696980660122905e-01	-2.558127320684947525e-01	1.835394486717470131e-01	-1.348580482225355537e-01	9.234207982711722940e-02	-5.653879722984365142e-01	1.000000000000000444e+00	-7.179077130856736932e-01
-7.535028845537095066e-02	9.883519416080771558e-02	-2.648738713045357684e-01	1.980841342573289310e-01	-3.062130527485663056e-01	9.598206541832259020e-02	-2.408577757521138396e-01	1.889292436547458376e-01	-2.166728281571989045e-01	1.722773231896241597e-01	-9.662243404883114062e-02	9.965322553076345902e-02	-2.932175965407920470e-01	2.465924333394357848e-01	-2.652633353924123694e-01	1.776701880407462464e-01	-1.205519262752921816e-01	3.195070198769859315e-01	-7.179077130856736932e-01	1.000000000000000444e+00
