1.120603895906646219e+00
1.023303877435242537e+00
1.868691311918677211e+00
1.641215876851493061e+00
1.942860420608807814e+00
3.724721088349824960e-01
3.134703297365746266e-01
6.434353478642087509e-01
9.295046149606633890e-01
6.540409208217528025e-01
1.126645415956296414e+00
1.914237123822201347e+00
5.776463082409351024e-01
5.010954380160961286e-01
1.337058536408615605e+00
3.502620410502217396e-01
3.781883024249088621e-02
1.813500632932923740e+00
1.590606463207667964e+00
1.335392769780287647e+00
1.933662983538965818e+00
1.012983903270017194e-01
1.704956240188794769e+00
1.879999584029401039e+00
1.436175632400358726e+00
5.378233805237040421e-01
5.579864169775565763e-01
1.776991551499012889e+00
9.542710708515014240e-01
6.165400630994382070e-01
5.543566465770441987e-01
