1.000000000000000000e+00	-5.581503500764518622e-01	1.682406038130866421e-01	-1.005702592651601390e-01	1.490434596867252770e-01	-7.385495420248715526e-01	2.874394298375086976e-01	-1.807657512319274240e-01	5.038737649899262261e-02	-5.186249182724612938e-02	1.151142969929456333e-01	-1.647293563175130648e-01	1.166903993007601809e-01	-4.890513524537178081e-02	3.917261938651145359e-02	-1.086266146675786137e-01	1.001640680910196174e-01	-8.818875751874202806e-02	6.774935457972214303e-02	-5.365323138777506468e-02
-5.581503500764518622e-01	1.000000000000000222e+00	-3.624487963650468436e-01	1.798792915308740359e-01	-2.805802045852496263e-01	3.166600032692288846e-01	-5.521457730059896596e-01	2.558657982506141737e-01	-7.883641519028186662e-02	8.047443144676356963e-02	-1.197116064870086399e-01	2.221312083617416888e-01	-1.753602303100590398e-01	7.475963141322396199e-02	-6.044898921488764398e-02	1.050507298680971452e-01	-1.448803222075427666e-01	1.220554268051868285e-01	-1.055316459460029083e-01	8.121793832432995519e-02
1.682406038130866421e-01	-3.624487963650468436e-01	1.000000000000000444e+00	-6.426797719193484415e-01	3.278373260234954123e-01	-1.999149579909228480e-01	2.335593916291960892e-01	-4.240977538925125301e-01	9.970166478598471715e-02	-1.095201506264904950e-01	9.946706756547830930e-02	-2.748513113256054741e-01	1.920661150254481531e-01	-9.326769249536485951e-02	7.715689793687978415e-02	-9.915517102350128453e-02	1.400195376243478507e-01	-1.420965264029493413e-01	1.194603636674245600e-01	-1.094767461271564379e-01
-1.005702592651601390e-01	1.798792915308740359e-01	-6.426797719193484415e-01	1.000000000000000444e+00	-6.805323981626612007e-01	1.146630784788464086e-01	-1.402750902597025839e-01	2.198430780335716983e-01	-8.083300694692414912e-02	8.720449413939712624e-02	-6.181964812515094304e-02	1.647411218386080900e-01	-1.196129526241434815e-01	6.773591730233323449e-02	-5.829760236314222160e-02	6.091714777189095181e-02	-8.961701124752687042e-02	8.872690482507759879e-02	-8.681777862451162120e-02	7.734449474436036476e-02
1.490434596867252770e-01	-2.805802045852496263e-01	3.278373260234954123e-01	-6.805323981626612007e-01	1.000000000000000222e+00	-1.941536428364783740e-01	2.146648606834504480e-01	-3.791796245191601522e-01	1.256953687330781000e-01	-1.566569721696559614e-01	1.060810916677205618e-01	-3.070702951625480237e-01	1.984244441863978192e-01	-1.133717827633543146e-01	9.957089856187653631e-02	-1.080972424608217380e-01	1.501573795446951853e-01	-1.565474304737285993e-01	1.436950807341097758e-01	-1.389801437717368693e-01
-7.385495420248715526e-01	3.166600032692288846e-01	-1.999149579909228480e-01	1.146630784788464086e-01	-1.941536428364783740e-01	1.000000000000000666e+00	-4.764156438081479927e-01	2.032629149769571986e-01	-6.212482519591669416e-02	6.295306531921353310e-02	-1.719072826574888080e-01	1.884843741408009088e-01	-1.455063827172957680e-01	6.000506973608353556e-02	-4.799664665569017968e-02	1.328977085833597527e-01	-1.290795890673065160e-01	1.070901780633132239e-01	-8.514580090658807610e-02	6.477809330512201980e-02
2.874394298375086976e-01	-5.521457730059896596e-01	2.335593916291960892e-01	-1.402750902597025839e-01	2.146648606834504480e-01	-4.764156438081479927e-01	1.000000000000000888e+00	-4.459156148804820918e-01	8.628902415762446099e-02	-8.652962743509252930e-02	1.328144537906581768e-01	-3.749166956252758531e-01	2.240483112105672858e-01	-8.436606111618229209e-02	6.562684914233468669e-02	-1.237091212033355758e-01	1.625806257472343364e-01	-1.471403010922560928e-01	1.130621443068944160e-01	-8.867105009416480221e-02
-1.807657512319274240e-01	2.558657982506141737e-01	-4.240977538925125301e-01	2.198430780335716983e-01	-3.791796245191601522e-01	2.032629149769571986e-01	-4.459156148804820918e-01	1.000000000000000888e+00	-1.624431092693912893e-01	1.442662776413656811e-01	-1.372000654467767367e-01	3.175729663618084841e-01	-4.858578292765881046e-01	1.455169902053205511e-01	-1.107485050676086380e-01	1.238512548860741802e-01	-2.509044459117465431e-01	2.189794208126908948e-01	-1.930942740020975545e-01	1.410483306324448460e-01
5.038737649899262261e-02	-7.883641519028186662e-02	9.970166478598471715e-02	-8.083300694692414912e-02	1.256953687330781000e-01	-6.212482519591669416e-02	8.628902415762446099e-02	-1.624431092693912893e-01	1.000000000000000666e+00	-6.842263781199883210e-01	5.238387679348745218e-02	-1.414629143738713457e-01	1.454896384526476460e-01	-5.560057728032372637e-01	2.918920793208779063e-01	-5.021026909492814355e-02	1.029514580982833494e-01	-1.104697042248800332e-01	2.996010900118069031e-01	-3.277789379713935691e-01
-5.186249182724612938e-02	8.047443144676356963e-02	-1.095201506264904950e-01	8.720449413939712624e-02	-1.566569721696559614e-01	6.295306531921353310e-02	-8.652962743509252930e-02	1.442662776413656811e-01	-6.842263781199883210e-01	1.000000000000001998e+00	-5.540208844737550681e-02	1.356231952665008511e-01	-1.432798036200819414e-01	3.164503435093149464e-01	-4.906449994886328825e-01	5.230614364340810396e-02	-1.128296703170096338e-01	1.114210889812745631e-01	-3.937467273225548348e-01	2.940001140880378894e-01
1.151142969929456333e-01	-1.197116064870086399e-01	9.946706756547830930e-02	-6.181964812515094304e-02	1.060810916677205618e-01	-1.719072826574888080e-01	1.328144537906581768e-01	-1.372000654467767367e-01	5.238387679348745218e-02	-5.540208844737550681e-02	1.000000000000002220e+00	-2.186873855827795310e-01	1.373654084826222976e-01	-5.573646042571913511e-02	4.361918173747227068e-02	-9.051809501113636802e-01	2.077574346905392000e-01	-1.840348333414854043e-01	7.787014985799967093e-02	-6.279247284603398094e-02
-1.647293563175130648e-01	2.221312083617416888e-01	-2.748513113256054741e-01	1.647411218386080900e-01	-3.070702951625480237e-01	1.884843741408009088e-01	-3.749166956252758531e-01	3.175729663618084841e-01	-1.414629143738713457e-01	1.356231952665008511e-01	-2.186873855827795310e-01	1.000000000000002665e+00	-5.974155445439276457e-01	1.505493439423641888e-01	-1.116681582089363856e-01	1.734384240075184103e-01	-3.650989570885243007e-01	2.718713568943366687e-01	-2.121838413163294745e-01	1.436726019139766275e-01
1.166903993007601809e-01	-1.753602303100590398e-01	1.920661150254481531e-01	-1.196129526241434815e-01	1.984244441863978192e-01	-1.455063827172957680e-01	2.240483112105672858e-01	-4.858578292765881046e-01	1.454896384526476460e-01	-1.432798036200819414e-01	1.373654084826222976e-01	-5.974155445439276457e-01	1.000000000000002220e+00	-1.992012329877931309e-01	1.178366350889234748e-01	-1.328239947393174691e-01	2.834714493392869183e-01	-4.592649210551229544e-01	1.970000724221280253e-01	-1.540695750871751701e-01
-4.890513524537178081e-02	7.475963141322396199e-02	-9.326769249536485951e-02	6.773591730233323449e-02	-1.133717827633543146e-01	6.000506973608353556e-02	-8.436606111618229209e-02	1.455169902053205511e-01	-5.560057728032372637e-01	3.164503435093149464e-01	-5.573646042571913511e-02	1.505493439423641888e-01	-1.992012329877931309e-01	1.000000000000002220e+00	-4.232227697760007068e-01	5.304741240290355986e-02	-1.173377863183169556e-01	1.288861383577493691e-01	-6.076872901770109525e-01	3.021513642349669682e-01
3.917261938651145359e-02	-6.044898921488764398e-02	7.715689793687978415e-02	-5.829760236314222160e-02	9.957089856187653631e-02	-4.799664665569017968e-02	6.562684914233468669e-02	-1.107485050676086380e-01	2.918920793208779063e-01	-4.906449994886328825e-01	4.361918173747227068e-02	-1.116681582089363856e-01	1.178366350889234748e-01	-4.232227697760007068e-01	1.000000000000001998e+00	-4.140872836391670114e-02	8.939624576726402927e-02	-9.248169087676148814e-02	3.072436257311634833e-01	-6.945967261069722065e-01
-1.086266146675786137e-01	1.050507298680971452e-01	-9.915517102350128453e-02	6.091714777189095181e-02	-1.080972424608217380e-01	1.328977085833597527e-01	-1.237091212033355758e-01	1.238512548860741802e-01	-5.021026909492814355e-02	5.230614364340810396e-02	-9.051809501113636802e-01	1.734384240075184103e-01	-1.328239947393174691e-01	5.304741240290355986e-02	-4.140872836391670114e-02	1.000000000000002442e+00	-2.845743261655565570e-01	1.698722450246638593e-01	-7.616720005686811179e-02	5.857271914096821158e-02
1.001640680910196174e-01	-1.448803222075427666e-01	1.400195376243478507e-01	-8.961701124752687042e-02	1.501573795446951853e-01	-1.290795890673065160e-01	1.625806257472343364e-01	-2.509044459117465431e-01	1.029514580982833494e-01	-1.128296703170096338e-01	2.077574346905392000e-01	-3.650989570885243007e-01	2.834714493392869183e-01	-1.173377863183169556e-01	8.939624576726402927e-02	-2.845743261655565570e-01	1.000000000000001776e+00	-7.676159298244000784e-01	1.594724147905144107e-01	-1.340324734543046070e-01
-8.818875751874202806e-02	1.220554268051868285e-01	-1.420965264029493413e-01	8.872690482507759879e-02	-1.565474304737285993e-01	1.070901780633132239e-01	-1.471403010922560928e-01	2.189794208126908948e-01	-1.104697042248800332e-01	1.114210889812745631e-01	-1.840348333414854043e-01	2.718713568943366687e-01	-4.592649210551229544e-01	1.288861383577493691e-01	-9.248169087676148814e-02	1.698722450246638593e-01	-7.676159298244000784e-01	1.000000000000001776e+00	-1.985539959450602354e-01	1.274914645284159764e-01
6.774935457972214303e-02	-1.055316459460029083e-01	1.194603636674245600e-01	-8.681777862451162120e-02	1.436950807341097758e-01	-8.514580090658807610e-02	1.130621443068944160e-01	-1.930942740020975545e-01	2.996010900118069031e-01	-3.937467273225548348e-01	7.787014985799967093e-02	-2.121838413163294745e-01	1.970000724221280253e-01	-6.076872901770109525e-01	3.072436257311634833e-01	-7.616720005686811179e-02	1.594724147905144107e-01	-1.985539959450602354e-01	1.000000000000001776e+00	-5.262255799127979472e-01
-5.365323138777506468e-02	8.121793832432995519e-02	-1.094767461271564379e-01	7.734449474436036476e-02	-1.389801437717368693e-01	6.477809330512201980e-02	-8.867105009416480221e-02	1.410483306324448460e-01	-3.277789379713935691e-01	2.940001140880378894e-01	-6.279247284603398094e-02	1.436726019139766275e-01	-1.540695750871751701e-01	3.021513642349669682e-01	-6.945967261069722065e-01	5.857271914096821158e-02	-1.340324734543046070e-01	1.274914645284159764e-01	-5.262255799127979472e-01	1.000000000000001776e+00
