1.972406935476520129e+00
9.681783709270814775e-01
9.875981081144211693e-01
1.158973384600630041e-01
1.121509316847646875e+00
1.847471568232636585e+00
3.988787299082021676e-01
1.478222852071797710e+00
1.409042764996047303e+00
7.503179415504370731e-01
4.377696001200988007e-01
6.387000228896644316e-02
1.054718377267806151e+00
1.238242153166102089e+00
1.706844874962519576e+00
1.386057185921778512e-01
1.132219181428846699e+00
2.269569367727521936e-01
9.338383254977165038e-01
5.024820408809058669e-01
1.246721360466247930e+00
5.630029750476603922e-01
9.356453018901924601e-01
4.915890269191116602e-01
1.283159489115715868e+00
1.137224066297268799e-01
7.507268499477373069e-01
7.560785248827990301e-01
1.081897775287979702e+00
2.191006680848941457e-01
1.737791749186979651e+00
