-2.721093306514621446e-02
-1.618181883459474335e+00
-8.058772143695698276e-01
-1.748191016286719801e-01
-1.793094394409894043e+00
-1.187609486730504038e+00
-4.588872335574416539e-01
-1.303462562363697508e+00
1.517516289997798751e+00
2.166146891893285797e-01
-7.584865260268314202e-01
-1.521610376469585191e+00
-1.060357056486166627e+00
6.289510204097883417e-01
1.334987880753494949e+00
-1.693257058189010067e+00
-1.987024088609272710e+00
1.240206940219428233e-01
3.318948489569342186e-01
-1.218330627393251930e+00
1.954656318420901151e+00
1.682303233602715942e+00
-1.076356836113490090e-02
1.065884012547190451e+00
5.925310789976050430e-01
5.381460305808039024e-01
-8.295976006297198779e-01
-9.401882533812750964e-01
-1.822707148059174997e-01
-7.474719353442926817e-01
-1.580734260837094673e+00
