1.697208679034734047e-02
1.708378594714183407e+00
1.645371714086146131e+00
1.771021110496025841e+00
1.544881813003574411e+00
1.120970847770559331e-01
8.050916411267472483e-02
9.365590846765732280e-01
1.532380170454106683e+00
8.606096315928177809e-01
6.323660334637803970e-02
1.310849874285030303e+00
6.134070335079093717e-01
8.908389409361094913e-01
1.581069693673850196e+00
1.965115751121997434e-01
8.027606751017035691e-01
1.546800437588589094e+00
1.165073835576203365e+00
1.124862207106152479e+00
9.147154927668905700e-01
1.591554173111655590e+00
1.464371464618285046e+00
1.520058366591664711e+00
1.923050888284870474e+00
1.882428437731964443e+00
1.869657363142002815e+00
6.793585845077765306e-01
1.701884029124816067e+00
1.704976708965056265e+00
3.819854167807585910e-01
