2.327246810118350773e-01
1.622011069758521717e+00
1.519997494024916129e+00
3.549995294109309363e-01
1.510170076317894239e+00
5.561149193955272629e-01
4.094058772333286633e-01
1.293009195195206296e+00
9.272816819487212925e-01
1.920979305939622961e+00
2.417889395195578217e-01
2.222713002225384926e-01
2.248326748471587422e-01
1.207058055363701143e-01
1.573935298533242655e+00
1.473338328071540637e-01
3.006838726961422736e-01
1.137553551314861799e+00
3.334582196185427172e-01
1.297708117108375969e+00
3.683658302197923007e-01
1.236899383966815424e+00
1.271497618366386639e+00
8.968865854935259563e-01
9.616314099252729619e-01
3.771522708219912090e-01
1.728501295259367687e+00
6.071618839242454158e-02
1.818798292249290682e-03
1.669387648087604425e+00
1.599110361984945605e-01
