3.593893013343526732e+00
2.454751058908242634e+00
1.682773472545766147e+00
2.627909564683083232e+00
1.892537066122822687e+00
3.866574470253309137e+00
3.285039799602453847e+00
2.596173918802302083e+00
3.351992415500658851e+00
3.054778015883979236e+00
3.366138603980057376e+00
3.104450245514509987e+00
4.267300100347188874e-01
1.450415136381502990e+00
2.987005409340822482e+00
8.885358618216709914e-02
3.366276225225002250e-01
8.618503595393827155e-01
2.728613619997671158e+00
2.451797648140896513e+00
1.254715541781984633e+00
5.342079870760416682e-01
2.793570606908222231e+00
2.223488031992820524e+00
1.454811986018047953e+00
1.715799782767146731e+00
2.394040316193673412e+00
1.081027490498432719e+00
3.767490109817441812e+00
3.630810895422721174e+00
2.148665783689726716e+00
