8.684630827270760633e-01
1.724394566727929234e+00
1.071941830777740634e+00
7.156739230376687466e-01
1.693244556081492380e+00
1.876247993136499481e+00
1.664741468950521330e-01
5.244117526419742603e-01
1.282843915770430776e+00
1.725370046449015149e-02
7.204995831053611077e-01
1.059511159920984102e+00
1.700212844081328001e-02
1.371414881149654263e+00
9.161992007570307628e-01
9.906838990196349393e-01
1.603096267768978844e+00
6.952721364270382232e-01
1.370954633982037763e-01
3.646475180726738152e-01
1.604767601035929303e+00
8.570468953287773139e-01
1.429727268010058339e+00
6.760045487443333556e-01
5.037578149550370199e-01
1.575341226456646648e+00
1.616206056177043049e+00
6.189509874932630495e-02
1.461181825132377377e+00
4.286218498684428724e-01
3.158759394543495524e-01
