1.569308652702828599e+00
1.660649247225224556e+00
1.869153394552065972e+00
6.005087920081257913e-01
7.260582647113111854e-01
1.105578166380460914e-02
1.656888599326111322e+00
1.122532592391892514e+00
1.350176655451590157e+00
1.878082652805475483e+00
1.314300342275666278e+00
1.394318673479267190e+00
2.381195586859972124e-01
1.812598508653706642e+00
2.585368139513226637e-01
1.230014372462475691e+00
8.164283879252267617e-01
5.819939655191577188e-01
1.873325443302105153e+00
9.148331173377233227e-01
1.224133388184190707e+00
4.115363256135875503e-01
1.416172000383220109e+00
1.187910667505448714e+00
1.234628232127568559e+00
6.854373970930160986e-01
1.460288744842827224e+00
3.034751664020358675e-01
9.413084917523524275e-01
1.159404605323799409e+00
9.673643156720559411e-01
