1.255378144574322619e+00
6.212421445702513978e-01
-4.243765646878925324e-01
1.829919645561623120e+00
-6.428226172499806879e-01
1.320686969485652895e+00
-1.889071658181946667e+00
7.070828936541708742e-01
-1.538786834161300021e+00
-8.219090424630124403e-01
1.104722548473538346e+00
1.135224285030496105e+00
-9.597633341434255172e-01
1.110992521113200127e+00
-1.028663506946024597e+00
-6.740429816223851844e-01
-1.777764048540208641e+00
1.613046964251445559e-01
1.809533991895940552e+00
4.963698727929282128e-01
1.482252974061816886e+00
-1.713765395178990403e+00
9.597347849937376552e-01
1.101158651831587676e+00
1.138714040446010323e+00
8.177629038492062463e-01
-1.607482996474583814e+00
-1.840004800914647909e+00
-1.029689545444592902e+00
6.865035281219640240e-01
-2.269777670482584497e-01
