1.144525525804080957e-01
-1.950131096910809880e+00
-7.885996547446358917e-01
-1.513674111353041418e+00
-1.433193058245605833e+00
5.911253773157723046e-01
-5.778990478998933256e-01
8.999552615987100879e-01
-1.037584674181615263e+00
-4.011835002603270084e-01
4.129203513394896774e-01
1.374220469360425412e+00
-1.929179683675734225e+00
-1.849072804535399683e+00
-1.445375120752942166e+00
1.986855106555285744e+00
1.031266914293667014e-01
-5.042823820199711093e-01
1.825979841055244357e+00
-8.000718739094887511e-01
1.156251278666193372e+00
1.240246686379923524e+00
-6.246314436272077941e-01
-1.702932026797735254e+00
-5.202831161657242021e-01
-1.183880439371481685e+00
9.635345763662046537e-01
-1.158130237501468152e+00
7.292155342557880005e-01
1.184740920511094586e+00
1.958171259604601921e+00
