1.000000000000000222e+00	-3.158579173767135373e-01	2.048509371186256756e-01	-3.905280076669672557e-02	4.066269041696975173e-02	-8.193042125968824640e-01	1.336220194838338704e-01	-1.123055656395859636e-01	6.097957631266264639e-02	-7.672981028121089730e-02	2.279304916934723202e-01	-2.028360570443630551e-01	1.157670350410630877e-01	-7.587568006877114246e-02	6.220384984442489662e-02	-1.802048215895939165e-01	1.547851690825451931e-01	-1.503024804190631336e-01	8.695003900019757093e-02	-1.152824582191603331e-01
-3.158579173767135373e-01	9.999999999999997780e-01	-8.259534319341246267e-01	6.586488097443600476e-02	-6.905531931019300018e-02	2.014624435635510857e-01	-3.193557541304758440e-01	2.387735029323528879e-01	-5.583001728315868661e-02	5.202832515836208760e-02	-1.005964238195179022e-01	9.368371749883752653e-02	-6.177846042494826440e-02	5.740093941188489229e-02	-4.094570591190049152e-02	7.308726083812042140e-02	-7.955006691556078258e-02	7.353373427498216541e-02	-4.763580394092378073e-02	6.072409746544201598e-02
2.048509371186256756e-01	-8.259534319341246267e-01	1.000000000000000000e+00	-7.932889137952450764e-02	7.339730643754954764e-02	-2.134244268271411615e-01	2.576944383432920316e-01	-3.666660984485651253e-01	6.209012430671440042e-02	-5.938372859613660210e-02	9.993694623823876078e-02	-1.063908326115953623e-01	6.838298999301846426e-02	-6.561050491604633605e-02	4.613669683912157565e-02	-7.772733039480980710e-02	8.129069442214763297e-02	-8.326493519634747820e-02	5.334506639061861039e-02	-6.937501838491443029e-02
-3.905280076669672557e-02	6.586488097443600476e-02	-7.932889137952450764e-02	9.999999999999996669e-01	-9.504855880052466288e-01	3.601923970197389718e-02	-4.050830243990712759e-02	3.986989453963479119e-02	-2.223401252631077851e-01	1.251854689800401266e-01	-3.629593857753407593e-02	3.851619561996774688e-02	-3.628460550878101487e-02	1.512315032171458740e-01	-8.985593472083731881e-02	2.629683240881319772e-02	-4.179817341194384805e-02	4.374091144078743471e-02	-5.284448804483983519e-02	6.206992463305764651e-02
4.066269041696975173e-02	-6.905531931019300018e-02	7.339730643754954764e-02	-9.504855880052466288e-01	1.000000000000000000e+00	-3.822472584337167217e-02	4.012176332371410192e-02	-3.996062837971316867e-02	1.811779392989475435e-01	-1.492838158091919221e-01	3.847968380575866876e-02	-4.214411686703891519e-02	3.923532425478395980e-02	-1.767634998629690479e-01	9.724078725781536148e-02	-2.811081929055466930e-02	4.444864872968569414e-02	-4.823475049677244941e-02	5.752386719055414821e-02	-7.002474309934469954e-02
-8.193042125968824640e-01	2.014624435635510857e-01	-2.134244268271411615e-01	3.601923970197389718e-02	-3.822472584337167217e-02	1.000000000000000000e+00	-1.516506621939567312e-01	1.106983077263067189e-01	-5.269431705225353230e-02	6.280066562562543198e-02	-3.612143856092445149e-01	1.676367624229538889e-01	-1.034468336338047328e-01	6.306058165913364100e-02	-5.153197033310636527e-02	1.800967430404516456e-01	-1.745531163130565888e-01	1.248896811407479712e-01	-7.352908928997881066e-02	9.290931688146840395e-02
1.336220194838338704e-01	-3.193557541304758440e-01	2.576944383432920316e-01	-4.050830243990712759e-02	4.012176332371410192e-02	-1.516506621939567312e-01	9.999999999999993339e-01	-8.847384249967532588e-01	6.400021775438462235e-02	-5.405043893978259129e-02	7.537644108384601582e-02	-8.594824219189918513e-02	6.270264061139442513e-02	-6.478169613506627733e-02	4.105398605053656169e-02	-5.718690178254921819e-02	6.357191903673958810e-02	-6.782942322077148423e-02	4.456241234387406380e-02	-5.665599136363211330e-02
-1.123055656395859636e-01	2.387735029323528879e-01	-3.666660984485651253e-01	3.986989453963479119e-02	-3.996062837971316867e-02	1.106983077263067189e-01	-8.847384249967532588e-01	9.999999999999996669e-01	-6.408378499268328754e-02	4.721447670157376958e-02	-6.053730682089742549e-02	6.837401554943869919e-02	-5.559409872997644886e-02	5.801589293967069488e-02	-3.576147383322978573e-02	4.481371950095271867e-02	-5.206218088465332239e-02	5.494607880763133223e-02	-3.710631790796688201e-02	4.610999275743722647e-02
6.097957631266264639e-02	-5.583001728315868661e-02	6.209012430671440042e-02	-2.223401252631077851e-01	1.811779392989475435e-01	-5.269431705225353230e-02	6.400021775438462235e-02	-6.408378499268328754e-02	9.999999999999992228e-01	-4.824228419901950837e-01	7.704401141380619322e-02	-8.475456212009295498e-02	9.001235013210738545e-02	-7.590457976745340618e-01	2.858325457706598072e-01	-5.530333877246763896e-02	9.754809891659783905e-02	-1.109578814250819501e-01	1.534504596107139907e-01	-1.847026539083926888e-01
-7.672981028121089730e-02	5.202832515836208760e-02	-5.938372859613660210e-02	1.251854689800401266e-01	-1.492838158091919221e-01	6.280066562562543198e-02	-5.405043893978259129e-02	4.721447670157376958e-02	-4.824228419901950837e-01	1.000000000000000000e+00	-1.061303796266995919e-01	1.009598702687273114e-01	-1.194613753037724047e-01	3.092386750567410747e-01	-7.304205716017414529e-01	7.381589644458759480e-02	-1.383875408643513993e-01	1.349045019121581090e-01	-2.217054337554843491e-01	2.318280597576946600e-01
2.279304916934723202e-01	-1.005964238195179022e-01	9.993694623823876078e-02	-3.629593857753407593e-02	3.847968380575866876e-02	-3.612143856092445149e-01	7.537644108384601582e-02	-6.053730682089742549e-02	7.704401141380619322e-02	-1.061303796266995919e-01	9.999999999999998890e-01	-3.968921467827591920e-01	2.013312183520275800e-01	-1.013077411556546348e-01	8.798951822099197739e-02	-6.600636327315211327e-01	3.073759751947149343e-01	-2.523476812345644138e-01	1.352269390923900305e-01	-1.753055878157385450e-01
-2.028360570443630551e-01	9.368371749883752653e-02	-1.063908326115953623e-01	3.851619561996774688e-02	-4.214411686703891519e-02	1.676367624229538889e-01	-8.594824219189918513e-02	6.837401554943869919e-02	-8.475456212009295498e-02	1.009598702687273114e-01	-3.968921467827591920e-01	9.999999999999992228e-01	-6.846360110384939190e-01	1.016149455982813948e-01	-9.159753458177084806e-02	2.270020857705182526e-01	-3.870076251099393572e-01	2.897363975499163136e-01	-1.731550409781630329e-01	1.678381808594570646e-01
1.157670350410630877e-01	-6.177846042494826440e-02	6.838298999301846426e-02	-3.628460550878101487e-02	3.923532425478395980e-02	-1.034468336338047328e-01	6.270264061139442513e-02	-5.559409872997644886e-02	9.001235013210738545e-02	-1.194613753037724047e-01	2.013312183520275800e-01	-6.846360110384939190e-01	9.999999999999990008e-01	-1.187252527140213315e-01	1.063929019218611965e-01	-1.567893693193008753e-01	2.406575167105741153e-01	-5.677470483588336059e-01	2.079325367711870876e-01	-2.279514566021206001e-01
-7.587568006877114246e-02	5.740093941188489229e-02	-6.561050491604633605e-02	1.512315032171458740e-01	-1.767634998629690479e-01	6.306058165913364100e-02	-6.478169613506627733e-02	5.801589293967069488e-02	-7.590457976745340618e-01	3.092386750567410747e-01	-1.013077411556546348e-01	1.016149455982813948e-01	-1.187252527140213315e-01	9.999999999999991118e-01	-4.401422325693780668e-01	7.110444219091832663e-02	-1.307113980766706762e-01	1.345905193625029361e-01	-2.211364230424512078e-01	2.078427299192896205e-01
6.220384984442489662e-02	-4.094570591190049152e-02	4.613669683912157565e-02	-8.985593472083731881e-02	9.724078725781536148e-02	-5.153197033310636527e-02	4.105398605053656169e-02	-3.576147383322978573e-02	2.858325457706598072e-01	-7.304205716017414529e-01	8.798951822099197739e-02	-9.159753458177084806e-02	1.063929019218611965e-01	-4.401422325693780668e-01	9.999999999999988898e-01	-6.258541416865254225e-02	1.159814297625327978e-01	-1.351295397837143364e-01	2.161964159612831948e-01	-3.810577527764492101e-01
-1.802048215895939165e-01	7.308726083812042140e-02	-7.772733039480980710e-02	2.629683240881319772e-02	-2.811081929055466930e-02	1.800967430404516456e-01	-5.718690178254921819e-02	4.481371950095271867e-02	-5.530333877246763896e-02	7.381589644458759480e-02	-6.600636327315211327e-01	2.270020857705182526e-01	-1.567893693193008753e-01	7.110444219091832663e-02	-6.258541416865254225e-02	9.999999999999993339e-01	-6.301535509573269467e-01	1.929219846020893137e-01	-1.040832884709792516e-01	1.230695036823269972e-01
1.547851690825451931e-01	-7.955006691556078258e-02	8.129069442214763297e-02	-4.179817341194384805e-02	4.444864872968569414e-02	-1.745531163130565888e-01	6.357191903673958810e-02	-5.206218088465332239e-02	9.754809891659783905e-02	-1.383875408643513993e-01	3.073759751947149343e-01	-3.870076251099393572e-01	2.406575167105741153e-01	-1.307113980766706762e-01	1.159814297625327978e-01	-6.301535509573269467e-01	9.999999999999991118e-01	-4.210952790358796216e-01	1.909224889927626789e-01	-2.412630076412508040e-01
-1.503024804190631336e-01	7.353373427498216541e-02	-8.326493519634747820e-02	4.374091144078743471e-02	-4.823475049677244941e-02	1.248896811407479712e-01	-6.782942322077148423e-02	5.494607880763133223e-02	-1.109578814250819501e-01	1.349045019121581090e-01	-2.523476812345644138e-01	2.897363975499163136e-01	-5.677470483588336059e-01	1.345905193625029361e-01	-1.351295397837143364e-01	1.929219846020893137e-01	-4.210952790358796216e-01	9.999999999999991118e-01	-4.782479965448019898e-01	2.658932073588012868e-01
8.695003900019757093e-02	-4.763580394092378073e-02	5.334506639061861039e-02	-5.284448804483983519e-02	5.752386719055414821e-02	-7.352908928997881066e-02	4.456241234387406380e-02	-3.710631790796688201e-02	1.534504596107139907e-01	-2.217054337554843491e-01	1.352269390923900305e-01	-1.731550409781630329e-01	2.079325367711870876e-01	-2.211364230424512078e-01	2.161964159612831948e-01	-1.040832884709792516e-01	1.909224889927626789e-01	-4.782479965448019898e-01	9.999999999999992228e-01	-7.366663422516543935e-01
-1.152824582191603331e-01	6.072409746544201598e-02	-6.937501838491443029e-02	6.206992463305764651e-02	-7.002474309934469954e-02	9.290931688146840395e-02	-5.665599136363211330e-02	4.610999275743722647e-02	-1.847026539083926888e-01	2.318280597576946600e-01	-1.753055878157385450e-01	1.678381808594570646e-01	-2.279514566021206001e-01	2.078427299192896205e-01	-3.810577527764492101e-01	1.230695036823269972e-01	-2.412630076412508040e-01	2.658932073588012868e-01	-7.366663422516543935e-01	9.999999999999993339e-01
