1.000000000000000000e+00	-9.181744564453288016e-01	1.709586071798598894e-01	-1.324850944425303434e-01	1.005479338803238476e-01	-1.700817335089441218e-01	1.769710121831866434e-01	-1.459054617139717847e-01	9.290647672020360681e-02	-9.146785567102382053e-02	1.275371278673541331e-01	-1.812504238409403667e-01	1.045956916127228492e-01	-9.739925117597424131e-02	6.167639702168874194e-02	-5.205963537322420148e-02	5.020684511940080169e-02	-1.191365627703514229e-01	7.934015193531861188e-02	-5.677976857776977082e-02
-9.181744564453288016e-01	1.000000000000000222e+00	-2.134632927507779110e-01	1.242425710308024400e-01	-9.945859573352978933e-02	1.329642886067912422e-01	-2.106359812276411836e-01	1.376506625145429985e-01	-8.974530540074078522e-02	8.458268103097750512e-02	-1.221590081566589908e-01	1.601289771839091436e-01	-1.001871507197406724e-01	8.847917558527335080e-02	-5.776184224739939338e-02	4.659079341537854246e-02	-4.600925445847973277e-02	1.055631668229696091e-01	-7.461484675384412457e-02	5.200741770349645576e-02
1.709586071798598894e-01	-2.134632927507779110e-01	1.000000000000000000e+00	-6.028856822429791151e-01	2.627996351654801055e-01	-9.380533043279577765e-02	1.661102666933501337e-01	-5.605454458375886961e-01	2.782780380786800123e-01	-2.478900083473171145e-01	8.234233099623357310e-02	-1.648437121129913696e-01	2.465326660355590116e-01	-2.484996749994114462e-01	1.501826425846169155e-01	-5.965213334607145229e-02	5.723113443356257768e-02	-2.711352113848228829e-01	1.828399633908395772e-01	-1.345547931034248301e-01
-1.324850944425303434e-01	1.242425710308024400e-01	-6.028856822429791151e-01	1.000000000000000000e+00	-4.726652534679604556e-01	7.105719643849192635e-02	-1.314718048654107962e-01	2.875496240270836168e-01	-4.884343871702416240e-01	2.851970908151784112e-01	-6.484992035865277948e-02	1.216349245532475920e-01	-2.135339865670666804e-01	2.443226247064526069e-01	-1.709585196240184513e-01	4.619109012278336396e-02	-4.501552656909674210e-02	2.045905820391267782e-01	-1.991929748586540039e-01	1.367074464334435691e-01
1.005479338803238476e-01	-9.945859573352978933e-02	2.627996351654801055e-01	-4.726652534679604556e-01	1.000000000000000000e+00	-8.092153385748750150e-02	1.350947601924818442e-01	-2.917812131429605715e-01	3.187121990658962067e-01	-6.548347920394123056e-01	7.113130434213890685e-02	-1.407821301336391329e-01	2.167694157064040950e-01	-3.197570234896390251e-01	2.148198781687951364e-01	-5.901361208138918013e-02	5.609603497882425377e-02	-2.827349021858591716e-01	2.218333907744625133e-01	-1.958554961429306296e-01
-1.700817335089441218e-01	1.329642886067912422e-01	-9.380533043279577765e-02	7.105719643849192635e-02	-8.092153385748750150e-02	9.999999999999997780e-01	-2.731827467126680120e-01	9.654661286964845435e-02	-6.510387392753318181e-02	6.301159784707269229e-02	-8.958245552986671134e-01	2.285181220868363894e-01	-9.323921996299219805e-02	6.932921652278778435e-02	-4.901154408221343461e-02	1.265615274496095233e-01	-1.348453649067420657e-01	9.343624268543287981e-02	-6.923340358184994214e-02	4.382450176522312973e-02
1.769710121831866434e-01	-2.106359812276411836e-01	1.661102666933501337e-01	-1.314718048654107962e-01	1.350947601924818442e-01	-2.731827467126680120e-01	9.999999999999997780e-01	-2.476499815096318002e-01	1.233357945786947435e-01	-1.162678313478867909e-01	2.169860850601569857e-01	-8.304528173270437907e-01	1.846400247006024786e-01	-1.319259530941699898e-01	8.636692065421563980e-02	-1.249631932770852577e-01	1.181704135688659563e-01	-1.801874641800585986e-01	1.177296019188202869e-01	-7.866710600877838133e-02
-1.459054617139717847e-01	1.376506625145429985e-01	-5.605454458375886961e-01	2.875496240270836168e-01	-2.917812131429605715e-01	9.654661286964845435e-02	-2.476499815096318002e-01	9.999999999999993339e-01	-3.777447333245581573e-01	2.315395829256036431e-01	-8.893446795044640529e-02	1.906448061600141131e-01	-5.081637179266335069e-01	2.446794256130351009e-01	-1.672326043386684613e-01	6.262546649452044312e-02	-6.194433370099942243e-02	2.785064568108804872e-01	-2.191058837598072739e-01	1.392652057899367302e-01
9.290647672020360681e-02	-8.974530540074078522e-02	2.782780380786800123e-01	-4.884343871702416240e-01	3.187121990658962067e-01	-6.510387392753318181e-02	1.233357945786947435e-01	-3.777447333245581573e-01	1.000000000000000222e+00	-5.332173631963219584e-01	5.881270563752342972e-02	-1.187863078966698988e-01	2.198731528849491856e-01	-4.633035424193751584e-01	2.143137866402256564e-01	-4.567945502544711045e-02	4.427870196670506686e-02	-2.212071008377402836e-01	2.206149985264533320e-01	-1.679037849007023464e-01
-9.146785567102382053e-02	8.458268103097750512e-02	-2.478900083473171145e-01	2.851970908151784112e-01	-6.548347920394123056e-01	6.301159784707269229e-02	-1.162678313478867909e-01	2.315395829256036431e-01	-5.332173631963219584e-01	1.000000000000000222e+00	-5.775855449399269065e-02	1.092743131967714859e-01	-2.003710111537394534e-01	2.847514369435253934e-01	-3.068868765456941317e-01	4.427424092932985555e-02	-4.313972591679013369e-02	2.066851433070642785e-01	-2.516006433233597406e-01	1.941185750400148402e-01
1.275371278673541331e-01	-1.221590081566589908e-01	8.234233099623357310e-02	-6.484992035865277948e-02	7.113130434213890685e-02	-8.958245552986671134e-01	2.169860850601569857e-01	-8.893446795044640529e-02	5.881270563752342972e-02	-5.775855449399269065e-02	9.999999999999996669e-01	-3.005475606187109072e-01	8.756342169235274697e-02	-6.483932009796936069e-02	4.464895137643090650e-02	-1.582544529049071391e-01	1.340843253190514561e-01	-9.218858467552497327e-02	6.284879896882256123e-02	-4.059862670453415895e-02
-1.812504238409403667e-01	1.601289771839091436e-01	-1.648437121129913696e-01	1.216349245532475920e-01	-1.407821301336391329e-01	2.285181220868363894e-01	-8.304528173270437907e-01	1.906448061600141131e-01	-1.187863078966698988e-01	1.092743131967714859e-01	-3.005475606187109072e-01	9.999999999999988898e-01	-2.118975967169354491e-01	1.231174374228241053e-01	-8.604324182909055263e-02	1.320753529960542738e-01	-1.517088790613045635e-01	1.658896290992358247e-01	-1.211437358039369472e-01	7.617284264237135505e-02
1.045956916127228492e-01	-1.001871507197406724e-01	2.465326660355590116e-01	-2.135339865670666804e-01	2.167694157064040950e-01	-9.323921996299219805e-02	1.846400247006024786e-01	-5.081637179266335069e-01	2.198731528849491856e-01	-2.003710111537394534e-01	8.756342169235274697e-02	-2.118975967169354491e-01	9.999999999999981126e-01	-3.110405326558036143e-01	1.707436308105505784e-01	-8.335796187891610087e-02	8.188029956791888220e-02	-6.723215700868208078e-01	2.435663242960034447e-01	-1.620518796384135540e-01
-9.739925117597424131e-02	8.847917558527335080e-02	-2.484996749994114462e-01	2.443226247064526069e-01	-3.197570234896390251e-01	6.932921652278778435e-02	-1.319259530941699898e-01	2.446794256130351009e-01	-4.633035424193751584e-01	2.847514369435253934e-01	-6.483932009796936069e-02	1.231174374228241053e-01	-3.110405326558036143e-01	9.999999999999981126e-01	-4.893588294396190586e-01	5.170713164673111650e-02	-5.098357520250956093e-02	2.640871500021850782e-01	-4.740310950709216153e-01	2.806651992025806508e-01
6.167639702168874194e-02	-5.776184224739939338e-02	1.501826425846169155e-01	-1.709585196240184513e-01	2.148198781687951364e-01	-4.901154408221343461e-02	8.636692065421563980e-02	-1.672326043386684613e-01	2.143137866402256564e-01	-3.068868765456941317e-01	4.464895137643090650e-02	-8.604324182909055263e-02	1.707436308105505784e-01	-4.893588294396190586e-01	9.999999999999978906e-01	-3.962590566027664185e-02	3.827050315680032011e-02	-2.202234421073858972e-01	3.111147224312582060e-01	-7.050346269702145729e-01
-5.205963537322420148e-02	4.659079341537854246e-02	-5.965213334607145229e-02	4.619109012278336396e-02	-5.901361208138918013e-02	1.265615274496095233e-01	-1.249631932770852577e-01	6.262546649452044312e-02	-4.567945502544711045e-02	4.427424092932985555e-02	-1.582544529049071391e-01	1.320753529960542738e-01	-8.335796187891610087e-02	5.170713164673111650e-02	-3.962590566027664185e-02	9.999999999999981126e-01	-9.597455621426065342e-01	1.005303548134436065e-01	-6.377120116284838713e-02	3.556715498492416666e-02
5.020684511940080169e-02	-4.600925445847973277e-02	5.723113443356257768e-02	-4.501552656909674210e-02	5.609603497882425377e-02	-1.348453649067420657e-01	1.181704135688659563e-01	-6.194433370099942243e-02	4.427870196670506686e-02	-4.313972591679013369e-02	1.340843253190514561e-01	-1.517088790613045635e-01	8.188029956791888220e-02	-5.098357520250956093e-02	3.827050315680032011e-02	-9.597455621426065342e-01	9.999999999999977796e-01	-1.133400412330257817e-01	6.136401942839490864e-02	-3.485001434796748676e-02
-1.191365627703514229e-01	1.055631668229696091e-01	-2.711352113848228829e-01	2.045905820391267782e-01	-2.827349021858591716e-01	9.343624268543287981e-02	-1.801874641800585986e-01	2.785064568108804872e-01	-2.212071008377402836e-01	2.066851433070642785e-01	-9.218858467552497327e-02	1.658896290992358247e-01	-6.723215700868208078e-01	2.640871500021850782e-01	-2.202234421073858972e-01	1.005303548134436065e-01	-1.133400412330257817e-01	9.999999999999977796e-01	-4.466698931533216732e-01	1.998560470345752127e-01
7.934015193531861188e-02	-7.461484675384412457e-02	1.828399633908395772e-01	-1.991929748586540039e-01	2.218333907744625133e-01	-6.923340358184994214e-02	1.177296019188202869e-01	-2.191058837598072739e-01	2.206149985264533320e-01	-2.516006433233597406e-01	6.284879896882256123e-02	-1.211437358039369472e-01	2.435663242960034447e-01	-4.740310950709216153e-01	3.111147224312582060e-01	-6.377120116284838713e-02	6.136401942839490864e-02	-4.466698931533216732e-01	9.999999999999976685e-01	-5.818882942018275273e-01
-5.677976857776977082e-02	5.200741770349645576e-02	-1.345547931034248301e-01	1.367074464334435691e-01	-1.958554961429306296e-01	4.382450176522312973e-02	-7.866710600877838133e-02	1.392652057899367302e-01	-1.679037849007023464e-01	1.941185750400148402e-01	-4.059862670453415895e-02	7.617284264237135505e-02	-1.620518796384135540e-01	2.806651992025806508e-01	-7.050346269702145729e-01	3.556715498492416666e-02	-3.485001434796748676e-02	1.998560470345752127e-01	-5.818882942018275273e-01	9.999999999999975575e-01
