1.341038275010052239e+00
9.944150664845126109e-01
1.909463035607183556e+00
1.459629792863912368e+00
1.542480730007162570e+00
1.028346500531446495e+00
3.484979742700451411e-01
1.582167529956282515e+00
7.328360036722396664e-01
1.541502863566928117e+00
1.776342217368643173e+00
1.271866490405948458e+00
1.305956202201306926e+00
1.124644196668891372e+00
1.069669646507318106e+00
1.122712628954424474e+00
2.330766194062330321e-01
1.489502558593434056e+00
3.664013432411903359e-01
1.298886522380550357e+00
6.705407873835431687e-01
1.505115127696123434e+00
1.394710998974211691e+00
7.448562675797503196e-01
6.241782963135871221e-01
1.342915830203683214e+00
1.719530822999723707e+00
1.901363925005649769e+00
1.406805090255853763e-01
1.857821579542507262e+00
5.057958138706317719e-01
