6.113827502928748103e-01
1.030705412389735454e+00
1.004681868162320413e+00
6.384432718593653355e-01
1.125404130779783074e+00
1.957608208106710546e+00
1.738172593886968098e+00
3.754412090382603928e-01
7.934568955694669690e-01
1.771251555942152223e+00
1.998894189548071409e+00
4.972420377363673261e-01
1.654161190468480758e+00
6.333852287326831032e-01
7.828211820298820456e-01
1.560586293951082837e+00
1.413195484291323467e+00
1.191385662171398074e-01
4.704853067423884205e-01
1.962962876393207878e+00
3.634468229975760245e-01
1.075048101448072835e-01
1.197407071632548448e+00
1.555083591572802515e+00
1.045268480364907049e-01
1.408550604475601542e+00
1.458412338435919331e-01
1.688774427600289396e+00
2.050548328050378899e-01
1.081018956261758923e-01
1.179029033771152424e+00
