3.713950768881213449e-01
1.641507886949827633e+00
1.985088733649808646e+00
7.112299828932622248e-02
2.486056037430932619e-01
7.149282914549317525e-01
6.788302499457792294e-01
1.800933752058924142e+00
9.071849689544499995e-01
5.682082760836104640e-02
1.867273516118476362e+00
7.408104445655525616e-01
1.399811638642137090e+00
1.215784481072155199e+00
1.954425710476570099e+00
1.938991599889980932e+00
5.503063478798693176e-01
1.400992403148889842e+00
2.664060988545502440e-02
1.186485167972199051e+00
4.643254375025480662e-01
3.784589651281948797e-01
1.612975494928790887e+00
1.022349377278491289e+00
8.578399697437775195e-01
2.186677540127450747e-01
1.776203207838058518e+00
1.470644259839286594e+00
2.970274271803874377e-01
1.418508781752399361e+00
5.774708926549263488e-01
