-1.004929971365240426e+00
-4.635516865045508084e-01
-1.843976724940675993e+00
1.014888019948037012e+00
1.487495859829802924e+00
8.101079164612841055e-01
2.086051940903299595e-02
1.154227070482223283e+00
6.849787463582641678e-01
-4.647335707637187951e-01
1.297768083138476136e+00
1.528031130230884216e+00
-1.413141081659195386e+00
-1.995505006274953530e+00
1.632768026015844143e+00
1.014787123059731400e+00
5.235681600117763068e-01
-3.750876848362834082e-01
-1.098513525038301353e+00
-1.424213744741312127e+00
-1.526478133456478758e+00
1.673055041734835768e+00
-3.113743042216450263e-01
-6.217475591781846944e-01
-2.494683528240777548e-01
-2.299734938491591052e-01
-5.390507547405389843e-01
1.513163587598225668e+00
-1.275766148382366794e-01
1.470635965026976244e+00
-1.595433396959009542e-01
