8.322974861350154185e-01
1.071661316820150756e+00
8.118278379399619382e-01
5.251171689363287598e-01
1.283560009757279463e+00
8.217623904115365363e-01
1.558945840373541003e+00
7.245649679711245739e-01
1.128639136674051802e+00
8.755697165851650254e-02
3.195660809548597214e-01
8.695090033340546753e-01
1.092920564083276425e+00
1.107503488870976494e+00
1.236819624022031494e+00
4.268582317394638004e-01
9.195370793698076639e-01
6.433259310770527151e-01
1.749808626377009624e+00
1.442435685288061542e+00
1.932947656077257825e+00
1.346607273476463362e-01
3.283169475657503611e-01
4.216944115076075583e-01
6.028725088406576837e-01
4.256582655875962296e-01
1.413005637821993066e+00
5.488347139771629912e-01
4.354276897335216390e-01
1.729989666252000902e+00
1.242805298230445388e+00
