6.419718281942929927e-01
1.067481586967520268e+00
4.322591061020260028e-01
9.481494268334906828e-01
6.240338605151927176e-01
1.919996408449731629e+00
1.652137635601727439e+00
1.391182149480642227e+00
1.898380510565139012e+00
1.969104231644942082e+00
1.065572765868457950e+00
4.578378532825269076e-01
6.734398545049113949e-01
1.554890555060772339e+00
1.367356400507536041e+00
6.756127792241799490e-01
1.137258860143966377e+00
1.937285520445450882e+00
1.121050354094879076e-01
1.146115876807027867e-01
8.012659482625048568e-01
1.165797037817341675e+00
1.529709594833748021e+00
3.129241404966500717e-01
7.353149703705179618e-01
9.377043661833930344e-01
4.474925131525027133e-01
5.736118339335849470e-03
1.647706211216759087e+00
4.997592198829048371e-02
1.805643091933861744e+00
