9.521849513549458521e-01
-2.728163646017627286e-01
-1.332949932713862751e+00
1.519851592012472885e+00
-6.278241206522290341e-01
1.968158924759586093e+00
-1.207524483032181628e+00
-3.923668571062099986e-01
1.818130580804695029e+00
7.512821242187595061e-01
7.080324620197764318e-01
-1.740324968678080175e+00
-5.306221834783961810e-01
1.461852956460232278e-01
-1.325979377287240801e+00
-1.175679146674089459e+00
-1.177418136966703166e+00
1.494559231035163194e+00
-1.883923773234704946e+00
-9.392289608742867557e-01
-1.984317441092159129e+00
-3.910473158715621622e-02
-8.298214852839835842e-01
-1.545606396826418205e+00
-1.936883417780244088e-01
6.685387251026941868e-02
7.733691410255500998e-01
1.045400803358758068e+00
4.556471159957649064e-01
-1.144126181155610489e+00
1.053117370067696790e+00
