3.737686602080632969e+00
3.676610777395313168e+00
2.973111399009729983e+00
3.978178906763279343e+00
3.554711897500653528e+00
2.104792365824327494e+00
3.509289004587149652e+00
2.250918321680180245e+00
2.354964604351841739e+00
2.938023856687320468e+00
2.752461556568449375e+00
3.387568096516307303e+00
3.492349319665038809e+00
3.232519967913577652e+00
3.862606200704103543e+00
3.315041198857410443e+00
2.982865098357140532e+00
3.835736797855074709e+00
3.295146262806461834e+00
2.606224577282017396e+00
3.574135042095967663e+00
3.329341196177117990e+00
2.937201432941194845e+00
3.053756899984424233e+00
2.547437318431481579e+00
2.699443831216090661e+00
3.328551742872777108e+00
3.927363970596201792e+00
2.689954700176945934e+00
3.457834612729289603e+00
3.350039857936045085e+00
