7.498591481032490513e-01
5.585266813666427410e-01
8.248859556331296083e-01
1.095892913358145648e+00
1.034199282025831668e+00
1.400849482873393281e+00
1.901313214502916349e+00
7.410858613596800204e-01
9.291039598434380764e-02
1.449864914742220012e+00
4.185352378293201170e-01
9.895530394498877058e-01
1.774519773519732446e+00
2.110744737816316885e-02
1.312699828401301172e+00
1.469713541784439137e+00
5.171987749075626084e-01
1.617660946643681097e+00
6.998819913280232008e-01
3.946472728496517313e-01
1.788231976266651646e+00
1.717894733084385006e+00
1.277228837090096825e+00
1.103809759662269574e+00
1.856243179290633094e+00
1.246175579107064557e+00
3.999198327925923557e-01
9.979300108497253241e-01
1.343758391259054275e+00
1.984950143524359945e+00
4.136330104197254443e-01
