2.816706386663381245e-01
1.916369136125741335e+00
4.092833463813230210e-01
4.642918415262302645e-01
1.437066418931894241e+00
1.748321138605392289e+00
4.026915291578410105e-01
1.017521348645535006e+00
2.079741006432498374e-01
1.339329097676752234e+00
2.825442675099338885e-01
1.964123198341722887e+00
1.755858925625787936e+00
1.900502811048832008e+00
9.426852954530038353e-01
1.326425401063332288e+00
2.038653848708356087e-01
5.988793856088356904e-01
4.777008522944168334e-01
1.388190108610800166e+00
3.247295370536482650e-01
1.718129250351203563e+00
5.019805433142821016e-01
1.507515526433746533e+00
1.184739810143562888e+00
7.377364702636159954e-01
1.581083030285310720e-01
4.445424780727815772e-01
1.016218984866162245e+00
5.958391023101277106e-01
3.387522157522941946e-01
