8.382927979032017696e-01
1.152372329794874695e+00
6.578675446809216787e-01
1.067270143343910238e+00
1.303751915472723510e+00
1.649762066976135255e+00
8.413938179943185602e-01
1.618860886538643573e+00
9.462400159086277185e-01
8.698904493525740911e-01
1.687493313103479053e+00
1.224748796724743016e+00
3.426051389721114226e-01
1.604444628391884287e+00
1.416449068826677760e+00
1.431402539034105192e+00
1.819052267109638965e+00
4.508941332872229424e-01
1.112796036048879778e-01
1.052148424938309290e+00
7.812867001115879617e-01
1.027170412201492411e-01
9.976352717299130646e-01
1.550697651646379960e+00
1.356470379661151249e+00
1.624364807847231695e-01
1.822535601739585509e+00
1.548668834850460474e+00
3.594010840357504399e-01
5.459924635941098003e-01
4.922309376195110886e-02
