1.187765325135083927e-01
2.369421172579753154e+00
1.591685726081637497e+00
1.195876784702267770e-01
2.559280453944016820e+00
2.009655404677410218e+00
1.397930341795167841e+00
3.858767034128597118e+00
5.839751516700157907e-01
1.422897764154088307e+00
3.973819768233562755e+00
3.589045189649927359e+00
1.032713544573354625e+00
2.499954277976975447e+00
3.723036191077079060e+00
2.160229345758449604e+00
1.462633781362597141e+00
2.748026455758997955e+00
3.920443076566596297e+00
1.826980711494652354e-01
6.571834371778422224e-01
3.630652450759140670e+00
2.332299469481482035e+00
2.426900161795112254e+00
8.973959552827421859e-01
1.611056618110048078e+00
3.292004692445566150e+00
2.836432994754641612e+00
3.068732363081170256e+00
3.799746964835771124e+00
1.825166179570163472e+00
