3.872991546263529816e+00
3.156809241374543440e+00
3.915320589417857100e+00
3.960885071687680448e+00
3.721030638256599854e+00
2.585475377179948797e+00
3.743488296085896394e+00
2.856020350246991857e+00
3.748145317746718774e+00
3.390614448977700146e+00
3.801750866280627417e+00
3.625868585555774626e+00
3.863148149478044857e+00
3.953575742847005525e+00
2.811531937703162232e+00
3.830305183726736118e+00
3.830446239180209655e+00
2.421243315189466561e+00
3.485009234591909255e+00
3.210534266964461203e+00
3.337522494723799582e+00
2.264474736767017493e+00
3.437762589931848467e+00
2.652732154278075072e+00
3.881819871153966428e+00
2.249148595818250218e+00
3.414284527047773743e+00
3.585151100690370907e+00
3.191005046736573370e+00
3.580878658167148121e+00
3.524805158965165663e+00
