1.900800781146610774e+00
6.999159166045636482e-01
2.079393501746218398e-01
8.730285264877868379e-01
1.920628839368588192e+00
6.235157125808736822e-01
1.086192325352934862e+00
1.154755565198832379e+00
7.206315091797135253e-01
1.782166846959828632e+00
1.726426179431380437e+00
6.205733384581266776e-01
1.163211256517082681e-01
5.666961021818739397e-03
9.618136950644036176e-01
4.340607626574142230e-01
9.505477902228482989e-01
1.872599779522323260e+00
8.433602275402347637e-01
1.090997113145841801e-01
1.749082617267101014e+00
1.050034769009533520e+00
6.857279000136826674e-01
1.902381163591566615e+00
2.365096328171922835e-02
1.889259539274833255e+00
9.303411701648243159e-01
1.444941591723632790e+00
2.060121216417147849e-01
3.784915006224225387e-01
1.116140315982273812e+00
