1.916929147250765020e+00
-1.906745097494158436e+00
-8.999772649997499485e-01
-1.352102397659106003e+00
8.849633451794849393e-01
-4.955164502511966163e-02
5.771986337554935176e-02
-1.793647628867726773e+00
-3.371117819772546653e-01
-1.474677761826542977e+00
-3.720977565409251397e-01
1.323597685280439862e-01
1.156393076599920633e+00
1.167644730190197322e+00
-1.024711971882097394e+00
1.929166039447840042e+00
1.684976719902698150e+00
-1.507592585243271444e+00
-7.243867588768342358e-01
-1.356197762173087185e+00
6.866140166692265012e-01
-7.053326062101543670e-01
-1.123854477356487358e+00
1.862449654668364651e+00
-7.290578125130151577e-01
1.286577769237989166e+00
-1.322153442341473806e-01
7.864840878257837176e-01
-1.945086581525766078e+00
-1.712901772294128655e+00
1.230192797289712203e+00
