1.641923258117961026e-02
4.669671426325843200e-01
3.204637266463237211e-01
1.953736475279766793e+00
1.989970338600348221e+00
1.690789567232147128e-01
1.986017506008064260e+00
1.058000224210046358e+00
1.817881832058424685e+00
1.267433791172952073e+00
1.997162102664590488e+00
1.986113289571085350e+00
1.530224507239088982e+00
8.981113153818727213e-01
1.452994149750924446e+00
6.070500513027226042e-01
1.051339382694794988e+00
1.464928566363789209e+00
5.583876532027294282e-01
1.513981482333950801e+00
2.729245433851010816e-01
4.355743517123662478e-01
1.466393666207821411e+00
1.392861868228077782e+00
1.874650413367457080e+00
1.300252430471058762e+00
2.622483829726696136e-01
1.560835130933200254e-01
1.433492432702313746e+00
3.066173532392015844e-01
1.756627566713943267e+00
