1.629469911275041483e+00
7.976095599925070445e-02
2.153361648651195281e-01
1.964694628703258950e+00
1.815356712507925963e+00
-3.709501040714187070e-01
1.314996658247877370e+00
-1.501654136478314250e+00
1.179454168219030485e+00
9.888730607244156090e-01
-1.559402725619135843e+00
-1.229042172563161728e-01
-6.683114940932544101e-02
1.923783281136058676e+00
-1.679322533285792396e+00
-7.092910496479989391e-01
-1.549231058755854207e+00
-3.124527558427354634e-01
1.841169817517268825e+00
-1.719966829998575975e+00
8.335049340467337586e-01
-3.288846228687933859e-01
-6.783628306301574540e-01
-1.517387807232007724e+00
-1.398090201922932430e+00
-3.546437351014510853e-01
1.199448966332910871e+00
1.837362848628297129e+00
1.364768226663148454e+00
-3.215173706669531839e-01
1.279011706683862215e+00
