1.348056607264052964e+00
2.558364995830908484e-01
2.936723062695016928e-01
1.780258700310101805e+00
1.865241826369611555e+00
8.988980403365913752e-01
5.421885784654816298e-01
8.129618075193434379e-01
1.930672951811771121e+00
6.479613763570868379e-01
4.886631690101395087e-01
1.328990432458970083e+00
6.760840083675390133e-03
2.390652415050720236e-02
1.436485405456060960e+00
1.035643761530862683e+00
1.857994169441325560e+00
9.040077208999486302e-02
9.991898241159953287e-01
1.124581454062322905e+00
1.532508690020633946e+00
8.855156396430325927e-01
1.304587188082708682e+00
1.506065189708615026e+00
6.682643110164807609e-01
2.199249983932816122e-02
3.523191375889265231e-01
4.013278328734264377e-01
4.043938847849086748e-01
1.135261741204556252e-01
5.122826030893530280e-01
