3.772343089019707385e-01
3.857608164737742484e-01
1.845439105721875972e+00
2.580606833639111919e-01
1.076724597458769583e+00
1.510294985073326046e-01
1.503942556595528224e+00
1.986288541885327330e+00
9.113575198044094883e-01
1.009861888456823120e+00
4.621922092770347490e-02
1.272757902581503231e+00
1.334452920734912507e+00
1.526507862621885536e+00
1.520820057163057903e+00
1.142897489730620109e+00
7.375048190260256042e-01
1.999658004627651309e-01
1.624413342794917003e+00
2.443841698754534164e-01
1.649964442089817851e+00
1.586171534176191944e+00
1.335439691233959447e+00
1.356169648912168846e-01
2.750845819216620747e-01
1.314371214824857859e+00
1.108074881995914751e+00
1.066915211428610455e+00
1.357041275689157001e+00
1.700490715591419733e+00
8.171813526562057284e-01
