2.087253628307679243e+00
2.759546628014379888e+00
3.561587151081844205e+00
3.671825610308411036e+00
3.260255330139655072e+00
2.959607213187177788e+00
2.574997444076171149e+00
3.152821038370807294e+00
2.462431560810449671e+00
3.196094378127908087e+00
3.983663604785683265e+00
3.603873111594484868e+00
2.877573330361267612e+00
2.057875988482752216e+00
2.637179326967479920e+00
2.956783299586921210e+00
2.794001982987553756e+00
2.047618895514556669e+00
2.465490800430726548e+00
3.824106732254588081e+00
3.865565383596428095e+00
3.161401547085167074e+00
2.162056552334670201e+00
3.968863205951293605e+00
3.013199899518460789e+00
2.768279549446735377e+00
2.742199672950820233e+00
2.435040651175432558e+00
3.562735368293754146e+00
3.612706993691658486e+00
2.174518226963618073e+00
