-1.510612709843134560e+00
-5.639571832126484274e-01
-7.427360203084711898e-01
-7.961255318785021018e-02
-1.403524942049595214e+00
-7.605929665512443094e-01
-1.999512828497164385e+00
-1.563247517540465203e+00
-1.015893667163995762e+00
-1.875149182262703107e-01
-9.697744751922900974e-01
-2.518973846108329973e-01
-5.519003373194797391e-02
-1.875962876352077924e+00
-1.549774815301323549e-01
-1.830197399966996041e+00
-2.572002319879005405e-01
-6.876527299376173907e-01
-8.984298640877024233e-01
-1.979504570204028813e+00
-1.713157066331565836e+00
-1.128713399181790145e+00
-7.733369248584773814e-01
-1.774593890353942438e+00
-2.720131364834044163e-02
-1.153619535574690325e+00
-8.200269410410312432e-01
-2.497559696957845077e-01
-2.968083499860987295e-01
-1.504723593406726234e+00
-1.848269892417965465e+00
