1.345900016397250543e+00
1.588752513368238972e+00
1.964427065286859175e+00
1.390723868326370738e+00
3.876236847171927735e-01
1.044352847424612207e-02
1.147639985850533950e+00
9.402894582946568214e-01
5.132429363705170999e-03
1.662159816905829590e+00
6.021341486545073174e-01
4.459647174606233833e-01
2.381937027818703534e-01
1.337208052351721577e-01
1.838943754486432436e+00
5.829865901376831694e-01
1.380440167134413976e+00
1.011557827100347140e+00
3.675796499269212703e-01
1.445108323788411475e+00
1.875949498345172994e+00
1.507654883949389735e+00
2.068450350788637593e-01
1.576671861153678744e+00
1.044860082952580260e+00
9.810410647525191763e-03
1.038423032683686298e+00
1.518233067252934720e+00
4.241743315552812810e-01
1.080948397331913391e-01
1.880421590536180076e+00
