-2.981054087003522923e-01
-1.197701054187785275e+00
-1.765648104443515720e-01
7.409537046381018399e-01
1.396538863672314612e+00
1.799205692579168847e+00
-1.125524912204050487e+00
-7.505092723368509411e-01
1.819904066334083304e+00
2.177540589680075911e-01
-1.449038033439538964e+00
1.808512259401343414e+00
-4.391710468488083663e-01
1.346397357114893722e+00
-4.017125706078488179e-01
1.133649415984556263e+00
1.202628605678270901e-01
-1.367825275817118325e+00
7.955489285728223336e-02
-7.462288645836530065e-01
1.485094383773408744e+00
1.172821746151234024e+00
-1.432987984738887555e+00
-1.507338302484496850e+00
-6.476092679098153226e-01
-1.803506151443304617e+00
-7.039178509090469049e-01
1.763411955096819916e+00
6.122624491406245539e-01
1.878675180157145519e+00
-5.527937306633923242e-02
