5.915950611088898192e-01
1.974243412087060001e-01
2.915918661590044536e-01
1.630440893476485353e+00
1.255771523451759020e+00
9.366772135795362608e-01
1.702350833895196480e+00
7.845802762301428146e-01
1.458116871331578412e+00
1.570346972276576381e+00
1.711685950164191894e+00
1.125684098973400715e-01
5.241862740266078902e-01
4.464815190676887369e-01
1.129013513225115339e+00
7.161941809325278463e-01
1.446349649502837842e+00
2.772089929629757421e-01
2.150731056512915629e-01
7.556984445298029485e-01
4.790654813505201837e-01
1.239801252565047029e-01
1.001757980060708597e+00
5.002615759617117241e-01
1.543508036400909500e+00
1.962139554087877436e+00
1.817775981870292323e+00
8.264805937672559111e-02
1.744504644230668866e+00
5.286088145320153586e-01
2.785508779413090608e-01
