1.255352523009811705e+00
1.495049369879775991e+00
1.966483708708621325e+00
1.163878814862131517e+00
1.894660534792160789e-01
1.567515717070198100e+00
7.220001118142320706e-01
7.241006948239303576e-01
1.538789361164156766e-01
1.681521049195554340e+00
8.693863033649931182e-01
6.482815500880230175e-01
2.429395516943197997e-01
5.231799956276370622e-01
1.127104215768977458e+00
1.928995669345652253e-01
1.860058740342897199e+00
1.191104365818610233e+00
1.626147400844741853e+00
1.103225355358243842e+00
3.412576762204637681e-01
1.652636211471810057e+00
1.604398910600393080e+00
1.980830270597277121e+00
8.727263253095145501e-01
2.213107892864352166e-02
6.376697783323885815e-01
9.691125936452813505e-01
1.960191061441935556e+00
2.083739261018178190e-01
3.260442272600441171e-01
