1.827923085968956141e+00
1.804241383559358702e+00
3.244307086053863642e-01
1.406606548911728982e+00
8.272768869910671619e-01
1.473324432272996809e+00
1.105016186307808734e+00
1.994195584003239929e-01
5.709238019438775957e-01
8.982037747624271873e-02
2.872220778535745644e-01
3.807522378661634121e-01
8.480308020047937489e-01
1.721873737455346554e+00
1.610902579083009378e+00
6.117867139504440388e-01
6.337103435380111449e-01
1.620589735892513872e+00
3.743245885497534786e-01
1.102001185521460425e+00
1.021525814583793768e+00
1.942000745891605540e+00
1.717139197438735110e-01
1.896139979631583650e-01
3.463990214999714823e-01
1.268052222843393917e+00
4.324371122145764801e-01
8.930851902519720831e-01
1.255403909153107733e+00
1.812702309113058963e+00
1.143196666896891145e+00
