1.773482668544607233e+00
1.429103021649507976e+00
9.156405197561103826e-01
6.297726475737661644e-01
4.265571197612909593e-01
1.861329512487029714e+00
9.492562297858819775e-02
1.466055916194478836e+00
2.156602714373883067e-01
5.006022688043754165e-01
9.837574796060990501e-01
5.283686585090801024e-01
7.564486396807397206e-01
7.940723778239915376e-01
2.188516542195682035e-01
1.986765326427130773e+00
1.380062444068315575e+00
1.577887614993819465e+00
9.651078376883273080e-01
1.698166256831683540e-01
1.137142276623492876e-02
6.946396559636176526e-01
9.473164863590621820e-01
7.483474287589033658e-01
1.312455019005586809e+00
1.822196418568494014e+00
1.570802378279791967e+00
4.663325362559165299e-01
6.855237558669036169e-01
2.071038929870536727e-01
4.389292072713457671e-02
