1.754567179032382462e+00
3.850750134196724517e+00
2.516848372660174249e-01
2.978677126897373739e+00
1.003244080933430205e+00
1.597742017872527676e+00
3.847888701463537231e+00
2.610443964622050750e+00
3.756103298299564131e+00
5.537834451181105067e-01
3.600255555469201951e+00
7.942672182783301338e-01
3.900884854290749715e+00
3.968849328265071641e+00
2.854306819641953652e+00
1.569405287383733416e+00
5.648589395558003545e-01
2.356931561698706545e+00
2.003323408595519162e+00
3.386331138084743841e+00
1.175703837850782030e+00
4.992059798531922610e-01
3.053986119784062758e+00
3.313736345497089175e-01
2.208609224296318452e+00
2.631648819276328766e-01
1.327965307809146012e+00
9.997655662711668612e-01
1.987213314238168493e+00
3.453150649508210712e+00
7.802192565188077467e-01
