3.935640843920524823e+00
3.863643870330351504e+00
2.086714268874480638e+00
3.474430870506571178e+00
3.677485931840854150e+00
3.000119216547776357e+00
3.490856747642206770e+00
3.101630385825738134e+00
2.719807224254479738e+00
3.491022559575784889e+00
2.371593810428977989e+00
2.872259333550319038e+00
3.076703574589499723e+00
2.783490056593402873e+00
2.267020123088031802e+00
3.411394085211446825e+00
3.122929941834130751e+00
3.288443418845713229e+00
2.278140815002413166e+00
3.409888151665890987e+00
2.708297303747755791e+00
3.675957095320276924e+00
3.338721761703914215e+00
3.432336821215113964e+00
3.117457503873085400e+00
2.408206990167573114e+00
2.534290648953788416e+00
2.327668768002823185e+00
3.081703017049366000e+00
2.592199673783695424e+00
2.075061043464219157e+00
