1.622757068590539031e+00
7.115806015449748223e-01
5.846527088670194772e-02
4.720449529253376575e-01
6.231896878386051775e-01
1.675601835472591450e+00
2.397934350817170213e-01
1.715730061415250862e+00
9.365607865581937475e-02
1.317103845463998280e+00
3.076471317812599082e-01
1.587460554848184380e+00
1.900317689219343187e+00
1.885166605082730040e+00
1.072998293129563852e+00
7.475923848282253203e-01
6.586624836021615081e-01
1.926269983526482932e+00
1.270960884061219431e+00
1.541189710178470396e+00
9.238855436654525022e-01
1.367095951062691217e+00
3.618983065847816150e-01
8.793716842339827089e-01
1.295315008639484233e+00
1.751609606178851752e+00
1.227809214851829367e+00
6.189613461458116639e-01
1.774288085723305652e+00
1.448012443126957205e+00
1.151818987327140498e+00
1.981863958004947968e+00
1.204918356463006823e+00
1.059275210259072786e+00
1.858233007341691945e+00
1.447568602264110549e+00
1.039429819149253920e+00
8.451580868161738813e-01
3.718694801197788280e-01
4.323924576099948958e-01
6.596656734818888701e-01
6.512272122225715165e-02
1.141243675226169429e+00
1.236914432496729166e+00
8.363685384678571921e-01
1.291574945872955738e+00
9.749180128672634282e-01
4.095194317609789358e-01
1.395801027803190930e+00
9.840480875985950782e-01
1.978721566633735662e+00
6.209515704764849708e-01
7.026760430974832161e-03
6.658605905803214320e-01
5.464765201578463127e-01
1.864389871377684749e+00
9.663812519325705175e-01
2.504692140093416342e-01
