1.875135120429885394e+00
8.095774861925644217e-01
1.868111064611023941e+00
1.475453554010131008e+00
1.081241062742105630e+00
7.187693412881883681e-01
3.234328511623529856e-01
1.363821447848377666e+00
1.588234086435984516e+00
1.158748726782047989e+00
1.017480487862257643e+00
1.703193451380596191e+00
2.392917694427190156e-01
9.864423798928787512e-01
7.096379755688930757e-02
6.736386007337800130e-01
4.029430430448956990e-01
9.401680016258566752e-01
1.889690977542663575e+00
4.499967847926216180e-01
4.582389705689893233e-02
5.609516302651456066e-01
8.673075016209232935e-01
7.750482960017275325e-01
1.724087742807685952e+00
1.923081873020744403e-01
3.496062381690983045e-01
2.249331891328738564e-01
1.963907291908274289e+00
1.385426233036524568e+00
8.967245341573502060e-01
7.242865314012458811e-02
1.997935297666237897e+00
8.873980435769848185e-01
1.381568717387669398e+00
1.881851214137725492e+00
6.269470590819126166e-01
1.852807533176902055e+00
1.514499006221554644e+00
3.363218825297926706e-01
1.569009455794138308e+00
1.025451846696118885e+00
1.563818860526621890e+00
8.403829504694693142e-01
1.481764057615096331e+00
1.678569095447311810e+00
7.112690598035893430e-01
1.516031586031596490e+00
1.499206105470264561e+00
1.532712027222453255e+00
1.553204027765384687e-01
8.264058548557136064e-01
1.109952820323304223e+00
8.470536191895172706e-02
1.159799794563309394e+00
1.388169532006855000e+00
2.678036790943996159e-01
1.016613470472355285e+00
