3.363880041473978899e-01
2.508118443788238672e-01
2.116025648926589398e-01
1.371132491357481609e+00
1.933913063759911122e+00
1.543668577591727153e+00
4.853303005613267551e-01
8.470128505760889936e-01
1.901121385467397840e+00
1.758087673963344422e-01
1.633472568920007806e+00
2.332455323311730666e-01
6.885512165470135670e-01
1.090837386078561622e+00
1.197799169497658411e+00
5.794510608422442921e-01
6.787635866525718598e-01
6.726742529833811268e-01
1.570992979989016547e+00
1.061087123842397784e+00
8.729600966825858954e-01
3.806025212742314423e-02
9.179731956862791087e-01
1.338363649525623700e+00
1.242962477116048348e+00
2.603907093613928581e-01
4.693559468166683679e-01
1.157944173893365125e+00
3.476340277754452757e-02
6.973518789092185699e-01
1.598000779380188252e+00
3.711056332692783677e-01
8.200098872121173166e-01
1.054023647723716373e-01
4.396567877841750516e-01
1.447950695784818720e+00
1.869099771985385683e+00
1.118439592910441593e+00
1.637650163100269118e+00
4.723288766771163161e-01
1.575730328967571037e+00
6.010525620663806912e-01
2.958315365449148970e-01
8.647652585631360189e-01
8.089248722246047407e-01
7.339974425551285542e-01
1.441641885016803126e+00
1.870116417238088857e+00
9.747036124345673791e-01
1.629202625666214210e+00
1.294327522727134916e+00
1.908961524013641053e+00
5.364002720097267307e-01
3.873294937597213661e-01
1.769017556579635109e+00
4.477252896316752384e-01
1.587676765845358329e+00
7.753178805725760014e-01
