9.907596372511386917e-01
2.841264812676844720e-01
8.164317521186505999e-01
6.647693406103605263e-01
1.759381693040567907e+00
2.061993712587608663e-01
7.420440396975287456e-01
7.951591252648890773e-01
4.384122938378425260e-01
8.884489756233775459e-01
1.435673003889189392e+00
1.882200575477693594e+00
1.648094815890140730e+00
1.709150445340998470e+00
1.508398979667482820e+00
1.005713364422549105e+00
4.829585031327576772e-02
8.061501223161569030e-01
2.382081349953635296e-01
5.460219923769273898e-01
8.594165894084460078e-02
6.017316872760694046e-01
1.927140240068213384e+00
1.951955108201691935e+00
1.318157261172286709e+00
2.503063998289656311e-01
1.680384392710499331e+00
5.265126789221721282e-01
1.764935241885964956e+00
4.494837601299512819e-01
5.645673649504940883e-01
1.034476764486906397e+00
3.930659368659883413e-01
1.646660295941444918e+00
9.530323273860163980e-02
1.282840523293461654e+00
1.028802116769189201e+00
1.354063142863313196e-01
9.840373111874600731e-01
1.848722139649601637e+00
5.738299208303656584e-01
1.235840825323423875e+00
1.986237561699028209e+00
1.141875233935434331e-01
1.150888410790355643e+00
9.415292256798957204e-01
1.947684456082915183e+00
4.396813127103729180e-01
8.559152451588758481e-02
5.132133483642955518e-01
1.642577471111912768e+00
7.285753039594280445e-01
1.606366717501763297e+00
4.745581313987199401e-01
1.828805900877833679e+00
7.157288877278578099e-01
1.009965297698308007e+00
1.305341952410091544e+00
