1.518057817531663023e+00
1.749584740862475840e+00
6.133707081430550545e-02
4.446456191075087716e-01
5.027545057746731771e-01
1.911892965321974280e+00
2.175240816394246046e-01
1.305780350802754342e+00
9.414466055310009018e-01
4.836431179415505710e-01
4.352531663769414472e-01
7.914754208446441730e-01
9.076484546859417968e-01
1.201836478530325714e+00
1.586231892260381304e+00
1.958812357824720962e+00
1.640837185906151685e+00
1.003067996411650675e+00
1.979110547930925446e+00
1.195376583235905343e+00
1.770949337234427823e+00
4.231981637533319685e-01
6.797972337020530276e-01
1.371157141690703352e+00
3.598904387819961137e-01
1.067906315925885252e+00
1.452573556020344103e+00
1.596209466713633951e+00
3.903314108444564390e-01
1.784888308377539534e+00
4.642636965243727154e-01
3.107062376606735121e-01
1.084358777923735140e-01
1.625544009396826528e+00
1.384534917894197470e+00
1.218877720017009114e+00
1.045241050426178653e+00
1.171500689784941152e+00
1.047153407608501396e+00
1.196520620597878448e-01
7.559879012548469390e-01
6.634304225227691809e-01
6.025787573753693671e-01
1.808715517138895112e+00
9.497247273327742434e-01
3.412224496613744940e-01
5.112610169121842851e-01
1.508400595494781893e+00
4.550531428073627538e-01
1.221695472648149927e+00
1.280572911996546992e+00
7.608971126666008722e-01
1.054897306278826274e+00
1.019752799935931264e+00
1.261909412564079513e+00
1.126988041333905066e-01
1.865365376796522590e+00
5.222119777154188291e-01
