1.542760433654184471e+00
1.636661092493908676e+00
8.362466013549334498e-01
1.167871867745985615e+00
1.788870190094634882e+00
1.139726477347418943e+00
9.561493513703553937e-01
1.443434375321665186e+00
1.994214742826018849e+00
1.801560664564656022e+00
4.404513335941437902e-01
1.131635250606892740e+00
8.991008805233984269e-01
1.346017894635983314e+00
1.247928932362965870e+00
6.885105833005593645e-01
1.638989949871100471e+00
8.005240482637203669e-01
1.175273973062084920e+00
6.861677602429505640e-01
1.589239498897004221e+00
1.459940720037037121e+00
1.144205030736391571e+00
8.026326043510945141e-02
4.504869478430850727e-01
9.882330545876731875e-01
1.822049344541404103e+00
3.522132319160009573e-01
4.650261890111857532e-01
1.432616106695050462e-01
1.979236424593188381e+00
2.899868559403397938e-01
5.230026031637935446e-02
8.322589739817431997e-01
1.139503786738337521e+00
1.351037979216722640e-01
7.609056625056909162e-01
5.986848317502828642e-01
7.882320925220440699e-01
1.009002151966029714e+00
1.028509310439505775e+00
1.361844392485099142e+00
5.199716801285649836e-01
1.730301387507235944e+00
5.897607444975925262e-01
3.526934000087038612e-01
7.622318218761199304e-01
3.282849986491580552e-01
2.682137427593582757e-01
4.183052207550974622e-01
1.432665740025905077e+00
9.753162082643278552e-01
1.657178592310327048e+00
1.669560350238847413e+00
8.197096509530426012e-01
2.018302110452938614e-01
8.370694300042504921e-01
2.656578530923043857e-01
