8.397301457336148189e-02
1.366292185807167048e+00
9.250462792929563527e-01
1.211141347394224965e+00
8.957955701960127470e-01
7.299879545931755587e-01
8.558427856136807677e-01
1.258998974098074708e+00
4.326439440123186486e-01
1.744746511116610943e+00
1.440733994033134735e+00
1.695386779936113530e+00
1.095008316312553021e+00
1.899859071643733799e+00
6.917859646936022067e-01
1.783873766874742639e+00
2.322326418354117017e-01
8.924683915353002206e-01
5.964638649776703438e-01
9.719530730808285668e-01
2.835677204017184039e-02
1.467941987965413642e+00
1.994021194500671168e+00
3.146570320863015802e-01
7.903720848058011228e-01
7.833530781287509903e-01
1.755977089191029350e+00
1.367789858945130721e+00
1.182511874737762536e+00
7.697892991985160194e-01
3.783026526377533116e-01
3.263747795896989601e-01
2.799754004189072276e-01
6.320413307875178965e-01
9.112765642877858063e-01
6.223115467069995077e-04
6.846229187650294534e-01
8.308575028400677631e-01
1.495896387320624132e+00
1.810081212335329148e+00
9.959532379727717988e-01
1.395723452612207538e-01
1.588971779327748912e+00
1.511242688330360906e-01
1.753943007679583665e-01
3.094680712325970084e-01
6.444304466314876301e-01
8.331565078031917260e-01
6.542886681318758058e-01
1.726883923656185260e+00
8.459476269624413014e-01
7.881004302363914249e-02
8.174509620743681815e-01
8.670288038653857221e-01
7.149152511970524593e-01
1.915888788759069872e+00
2.078349566401609394e-01
4.325081955403868861e-01
