5.347075233214275691e-01
3.832624683688470313e-01
7.830364909014213559e-01
4.386375949455967316e-01
1.515904919778093607e+00
1.958980506281715162e+00
6.083017618127861681e-01
1.032185552261073447e+00
9.531522610443925458e-01
1.268359063987907209e+00
1.168885255368170117e+00
1.488620471738331119e-01
9.237236260761170215e-01
1.517818232152178037e+00
2.197382516581782852e-01
1.450306761834893265e+00
2.659740675535626764e-01
1.623031965111489505e+00
9.785307719261249204e-01
1.214834208307912444e+00
2.115004868799919002e-01
8.093207214952009565e-01
9.104360393854395994e-01
5.101599452080387564e-01
1.943561972037401109e+00
1.615306068797397909e+00
4.215908975668845038e-01
1.910233184621632940e+00
1.017550836850550144e+00
8.148626191682772912e-01
1.446955554145385126e+00
1.751596737628398959e+00
1.702055958061944541e+00
9.184337621483309455e-01
1.675364214679402330e-01
1.053137463553293962e+00
6.121451811607077076e-01
1.163890917105411482e+00
1.568719550111389971e+00
5.198405396784266941e-02
1.906401649729733361e+00
3.222771673180968577e-01
1.692704704635863422e+00
2.817936084246985828e-02
8.110091389610789570e-01
2.773993623762738281e-02
1.371643326820581432e+00
7.259729803837684514e-01
6.242965774407003288e-01
9.615257946938857714e-01
1.234310531335993666e+00
1.815641907757476137e+00
7.098674743297666012e-01
1.595181956279190238e+00
1.852022277835408293e+00
4.757203108108676304e-02
1.068958521725603461e+00
1.564539879424292401e+00
