2.933755009081688847e-01
1.676276460808222790e+00
7.349640232504279780e-01
1.398690405444380502e-01
2.937637030419386619e-01
1.575630773633773352e+00
9.525472856434893387e-01
1.463816228142389431e+00
2.115365656718850573e-01
1.644136811385863428e+00
1.735294111488801416e+00
9.947403250419011300e-01
7.617135669457111291e-01
1.805152405590754849e+00
1.918944169038918623e-01
4.419427621199178979e-01
2.421322902539553290e-01
1.189617829231820245e+00
1.204358866876215739e+00
1.049861102108829325e+00
3.601410860534919323e-01
1.584628645346603637e+00
1.047341673049291710e+00
1.565288627083268214e+00
8.813923027002665833e-01
4.969824919938701235e-01
9.599215379969909812e-01
2.249781608239027619e-01
8.925235273653897572e-01
1.911404334596358279e+00
5.978600879954081293e-01
7.855442338759921483e-02
1.721684241892553757e-01
4.750332236125132113e-02
1.525211972123199367e-01
1.981712886913773897e+00
1.192088958771114982e+00
5.349467796522233698e-02
8.891352019330307499e-01
1.355202750114796295e+00
5.885869410670454549e-01
1.480461739602582760e+00
6.777905740954315306e-02
6.238029651812184717e-01
5.019385325144818388e-01
1.247991566645115569e+00
3.933070484996852301e-01
8.949161611019573748e-01
8.097320224843347347e-01
1.700783778799450641e+00
1.139323745203586924e+00
1.520782415894889716e+00
1.888746139870046470e+00
1.293218814948602358e-01
1.187204013936256075e+00
1.748434324185043298e+00
1.098387108456064798e+00
6.934439959607452408e-01
