1.444293102534356610e+00
1.359293103982379680e+00
4.764839211961655607e-01
5.492961692175142296e-01
8.541865811800923858e-01
9.907014854052915709e-01
1.449902918914141914e+00
8.968365494542767102e-01
1.006278763282670852e-01
1.638199892676381886e-01
1.078414386605788255e+00
3.883996931767974559e-01
7.925746364714791881e-02
1.495802488836325939e+00
1.255653912814835849e-01
1.818317101170344063e+00
6.760156628536333479e-01
7.560715942806908174e-01
2.241149315590154067e-01
6.478863253236375463e-01
7.631445312587521457e-01
1.052862287437817734e+00
7.610364354506145013e-01
4.508394910349458051e-01
1.972805761545461500e+00
4.174208424739731527e-01
2.084314952368822027e-01
2.729982840335716254e-01
1.354995470003325764e+00
7.913881984753645682e-02
1.758965794875094968e+00
6.857923249106256947e-02
1.602886307815726497e+00
2.014921478126594501e-01
6.115067409008574373e-01
3.015046912820067426e-01
4.328397956153913206e-01
1.363865500400438968e+00
7.435327542077718732e-02
1.709346778989907722e+00
1.908837798510447659e+00
1.620610486691115071e+00
1.485165445511847260e+00
1.644129864013076592e+00
1.673320391872167079e+00
1.712246846770396402e+00
1.585621357854083868e+00
4.186484749176062614e-01
1.558709109850381136e+00
4.544791762482098818e-01
9.315685244315519142e-02
1.819084398223163479e+00
5.284262926933989135e-01
1.979200464365181045e+00
2.241073298800824176e-01
1.655309228062736171e+00
1.371671872700436001e+00
1.846207659099149190e+00
