3.333108536774753716e-01
1.675952755719615439e+00
4.636671257959421588e-01
1.376172988837815581e+00
2.126533616064785193e-01
1.940628599440008983e+00
1.166257581991254622e+00
1.538286611095801337e+00
7.164743700970550577e-01
1.164729521797234213e-01
1.517319123748567034e+00
2.006311269701805955e-01
1.620965793297843849e+00
7.222532492560240769e-01
1.407730007717379994e+00
1.072774988146572461e+00
1.442222733729394690e+00
9.043618484788753520e-01
1.595390666191462525e+00
9.465933405148163615e-02
1.043625581506377298e+00
1.328001883278489004e-01
1.835935226955923483e+00
1.445374221515329349e+00
1.103174923352129966e+00
1.763201919734277201e+00
4.593951967688676419e-01
1.119058159121073537e-01
4.414671926377384814e-01
3.919084750700063680e-02
1.198999868363884946e+00
8.442929867794184418e-01
7.451686878480296983e-01
4.187320133247136589e-01
2.385286268600368409e-01
4.461404297157791632e-01
1.879990851346671654e+00
1.518118412192018152e+00
1.746058770492453949e+00
1.152016739401533041e+00
6.142961870720804463e-01
1.733352271131123334e+00
1.235025009594233225e+00
4.971346835638192907e-01
5.277457949877462084e-02
1.289557504305088642e+00
1.092798892801371213e+00
4.931725586938275896e-01
1.323990551184849096e+00
1.447880269974646250e+00
3.838461071420615767e-01
7.385336748738708934e-01
1.143209300827862318e+00
1.942545781313435249e+00
1.503667326601991316e+00
3.540607402601723130e-01
7.672726820746507137e-01
1.024340132910016354e+00
