1.228492996397870574e+00
1.392905843096433394e+00
5.770358788108285175e-01
4.858758598749459701e-01
1.657169781212695536e+00
7.104409806645950454e-02
9.578115874299264476e-01
1.955424831652369466e+00
1.128874409644105015e-01
1.645960330354717005e+00
1.444899067389793679e+00
1.183475154783118377e+00
8.347824307473210581e-01
1.556458691782014014e+00
1.721520080006897935e+00
1.281354377484141160e+00
4.854103157139539881e-01
1.161154999413408273e+00
6.440972687928243623e-01
1.080691745705634865e+00
1.976470142374604055e+00
8.927313536962335760e-01
1.456408767924507242e+00
1.235117085348651500e+00
3.598481616171325115e-01
1.765005115468693653e+00
1.135301147085405304e+00
2.435841657704669316e-01
5.871629059616068069e-01
5.071616441059831892e-01
9.460614361997699007e-02
4.841974911181297081e-01
1.584994478632018922e+00
8.880042151049729604e-01
1.471141757800980887e+00
1.444090408148855254e+00
6.102412197248749948e-01
1.305463833215489977e+00
2.491813676683829470e-02
1.930057394751409028e+00
1.632118383773746739e+00
8.103053364810541837e-01
1.868847382813345614e+00
4.130436255568681325e-01
4.885526946476890231e-01
3.908811349253147327e-01
3.938413570616852155e-01
9.457694473897384491e-01
1.296029609184372156e+00
1.651641188896100232e-01
1.493814104162723311e+00
8.921175294555339086e-01
8.133384847859654876e-01
1.826106587048094365e+00
1.025550909679879386e+00
1.660868714503202614e+00
1.232418113104229995e+00
1.318866598365751486e+00
