7.444489772789584237e-01
6.564339790624846849e-01
1.023386171565257907e+00
9.990560506400347762e-02
8.893622285047220188e-02
9.258196540906693528e-01
1.152731210274913209e-01
5.599483306825678852e-01
7.179102055347605926e-01
1.983779031741831123e+00
1.164706550853084277e+00
1.705880757364454325e+00
8.623139393449736900e-01
5.781556062514940919e-01
1.060376731404876871e+00
1.129313830704457011e+00
1.036858456920144445e+00
4.113730008989899822e-01
2.106638633995427945e-01
4.925035734684852784e-01
1.702045936070008203e+00
1.604985264180436300e+00
7.762661103103676297e-01
1.225329645356389552e+00
4.000875459043129467e-01
1.803168290595756229e+00
8.654038497489211501e-01
9.535739760612287341e-01
1.273420588601807069e+00
4.754485939172736764e-01
1.029819553932778575e+00
4.399714391269999858e-01
2.401586992845339275e-01
2.607555827675387405e-01
1.495091045343669656e+00
7.141349411772197620e-01
5.181084238861122238e-01
7.383225512408824187e-01
1.864811452075522347e+00
1.899091017653895541e+00
6.904447263908624066e-01
1.000970410752131112e+00
1.378105954695330482e+00
1.625514251560948864e+00
4.685365288725784616e-01
1.367640078658949765e+00
7.682769618688607416e-01
6.184074816563800425e-02
6.644873043653221067e-01
1.516978161881391340e+00
1.386919075957150582e+00
4.356563814425165049e-01
1.299119612459605388e+00
1.629714820246837004e+00
1.118494957569367898e+00
1.369579104921344825e+00
1.375584938536082991e+00
1.929747476745618417e+00
