3.371376644451773430e-02
1.930862776947255721e+00
8.331121361290438898e-01
1.641062089600757723e-01
1.906707079966815321e+00
5.961149395403801954e-01
1.548003037378854252e+00
5.569342580635230355e-01
8.920545336586438445e-01
1.245046551749522390e+00
1.976036376800826222e+00
1.424417785226359978e+00
1.676690774338460699e-01
1.907514429623640595e+00
1.585611601037273388e-01
1.817170325643686635e+00
1.128448932067102728e+00
5.122548166063429775e-01
1.870376493927465411e+00
7.174691512712096930e-01
2.378020447198521126e-01
7.329122807717749488e-01
1.305980182468155171e+00
4.247776822127984353e-01
9.305303529551913755e-01
8.734914409012919378e-01
1.221293521858146214e+00
1.412747888955663278e+00
1.191009688980431136e-01
6.631640049337721443e-01
4.060442703170927814e-01
1.794696340284130276e+00
9.635218850844977645e-01
7.997300763193218032e-01
4.482225793686467341e-01
1.170255610400933399e+00
1.619900389119267370e+00
1.087978621140513802e+00
4.326125835965650701e-01
1.414387770057656812e+00
1.184864361751119866e+00
1.340050725953378041e+00
5.108446627500913273e-01
1.682016384146370669e+00
1.097602874784640914e+00
4.265666544381039316e-01
1.744845052390462392e-01
2.402073276171043936e-01
1.046582074674780038e-01
1.645264277020340504e+00
1.395011255978443554e+00
1.708915861827017046e+00
9.981474421413860654e-01
1.643966481657653578e+00
1.516214434718038184e+00
1.346417192636204518e+00
7.805559068794636346e-01
1.193850446212501470e+00
