1.324523066761563506e+00
1.422946606030675021e-01
1.173770349864581952e+00
1.952969456657452252e+00
1.453575202481109940e-01
1.087905342888286775e-01
9.915797962517105546e-01
7.543377231742915967e-01
5.781282745679896529e-01
3.861053304608859094e-01
1.579410624888231141e-01
1.121572732578525855e+00
9.792235269191498226e-01
8.498989730517672037e-01
1.718636244460274298e+00
1.851373044352526254e+00
3.318214977587445880e-01
1.983713761312618118e+00
1.165738451574576118e-01
5.167006324166445452e-01
7.165221143617857003e-01
1.659161469277973922e+00
7.703049057781745645e-01
1.474177232441260088e+00
1.962950954826017114e+00
1.907432595672499342e+00
1.946185656426701716e+00
1.156179760668109680e+00
9.570993915139003327e-01
5.868464371308150795e-01
1.647469520407380816e+00
1.908316108239026754e+00
4.828475778943719376e-01
8.722091975649854945e-01
7.965530425779721035e-01
4.988198362394338226e-01
8.901566383049339670e-01
1.980380483951366788e+00
2.406489794928541315e-01
7.660842220912784661e-01
1.058916707976131910e-01
7.328757919250485919e-01
1.424594185466610874e+00
1.933193569515976762e+00
2.523291738437372089e-01
1.397465950796894063e+00
4.727316352277344258e-01
9.946711996490349428e-01
1.820531610351529661e+00
4.205280109938813737e-02
9.347060661755621780e-01
1.240178063941088205e+00
1.694210323607328039e+00
3.715202289638055433e-01
1.970729368045271990e-01
1.149471453589423042e+00
1.634454219642790473e+00
6.938259262985320142e-01
