2.038785557292834838e-01
8.325248149393180697e-01
1.697412838141771907e+00
2.102563009430311602e-01
1.406858508573405331e+00
4.487435804669321904e-01
9.572563439465713309e-01
1.274119270847591245e-01
1.210179893334696111e+00
1.360920959726338975e+00
1.452996832121042026e+00
1.753440659038978833e+00
1.921347883237483067e+00
4.279669881880407978e-01
6.484475014461033027e-02
1.035965155512243108e+00
1.334619576091308879e+00
4.363462687211749902e-01
9.918863740500940551e-01
2.756457652851382889e-01
1.103603075559700386e-02
3.728030869419698412e-01
4.025408609513045910e-01
1.415786339631570634e-01
1.384261775753810042e+00
1.961111985492586918e+00
1.124303273470030895e+00
1.230411038129786583e+00
2.513977200033026271e-01
1.223295253589746778e+00
1.016734277756258020e+00
1.096400227960425688e-01
1.408825609349695807e+00
3.418920548818955574e-01
1.797399640007260047e-01
1.464113198592751797e+00
4.773085529422380624e-01
1.320942464097970781e+00
1.816986766170354262e+00
1.808671699663881860e+00
3.218053534468126031e-01
1.031116756743105878e+00
1.062802709452299155e+00
7.052819348156789125e-01
1.960082350152650310e+00
1.934721642287763554e+00
1.101903399039261711e+00
1.255806362497201345e+00
9.345769754674937424e-01
1.903206733686845897e+00
1.491458575491345862e+00
1.161116597988689492e+00
1.016662432072945599e-01
2.035470973892303803e-01
1.457813328875614545e-01
9.055732088376506894e-01
1.846100440881108806e+00
1.844313473587777974e+00
