9.643292102216123318e-01
1.942563027420478594e+00
6.923558378805179103e-01
1.629543104061061953e+00
1.405124007081377524e+00
2.556117836769047358e-01
6.355402248871366844e-01
1.433152929529535768e+00
9.729914948872933067e-01
4.949010204400221546e-01
8.852009987626399123e-01
1.280892884323055814e+00
1.838121758738123557e+00
1.466569839198820890e+00
4.230249678586295303e-01
9.088153399121616793e-01
1.437705008504388537e+00
1.315827127404384456e+00
8.964808337299912111e-02
4.856770411195046044e-01
9.916083672162914198e-01
2.232735344224034968e-01
1.547944453017402466e+00
1.600628347834184950e+00
8.483811578942699327e-01
1.266739554658675715e-01
1.349178387958550829e+00
9.855807039941977266e-02
6.501884184552304546e-01
2.129313868913973451e-01
1.615552625180205482e+00
1.548247837114567371e+00
4.675777535732312806e-01
1.160690414780181978e+00
9.875424898874025637e-01
3.780078528118631098e-01
1.868496214207978401e+00
1.350499511272116759e+00
1.578612554294951842e+00
1.511808126858055878e+00
1.010660822296819195e+00
3.015819223905147339e-01
1.872782274919392531e+00
1.967369511263823867e+00
1.998421321542899420e+00
3.888089892923294322e-01
4.567743764552951724e-01
7.153037377459030566e-01
5.756510883379424293e-01
1.778278586082244761e+00
1.425479520753324625e+00
1.149168098103309443e+00
1.101203127629168943e+00
1.350443204517616014e+00
1.091904826775670134e+00
1.392323089993261043e+00
1.652583390375281791e+00
1.979661305526559723e+00
