9.944310714668227469e-01
1.877812117241324685e+00
6.469912915666906628e-01
1.428711843990485786e+00
1.087195270708400052e+00
1.687575327037927675e+00
9.280963722881669931e-01
5.193695054610025785e-01
7.498491240365368071e-02
2.173677107433369393e-01
1.027341531388828333e+00
1.106122334186477207e+00
5.472679694062025924e-01
1.773227804731221102e+00
1.432052078701744335e+00
1.352710615110347625e+00
3.975031766215573192e-01
1.485735270461353785e+00
1.094301415375896536e+00
1.176203636977188438e+00
1.597251390154995399e+00
1.281528575181892116e+00
5.111112567947446728e-01
5.470497558655629255e-01
4.214253181412535021e-01
1.874179295611027918e+00
4.511971278045092681e-01
1.744438400943213896e+00
1.404837348521747131e+00
6.524505973775358569e-01
2.324140237755054628e-01
1.508333538675746599e+00
2.857712995712717863e-01
6.650477434824479950e-01
9.756480711842758780e-01
3.311163728726387312e-01
1.867273717865792104e+00
1.369013584378527160e+00
1.699649422358988637e-01
5.657528095495982789e-01
1.706075034567775539e-01
1.721192625426742673e+00
3.679943083334036302e-01
1.513378235132495142e+00
1.164372741706247716e+00
1.140174888522699881e+00
4.621940322343411900e-01
1.910217337480640154e+00
1.817724119823246109e+00
1.328642131537699278e+00
1.908520999946367702e+00
1.246999361726800259e+00
1.663879892580620634e+00
5.239275588834280128e-01
1.248576738714324730e+00
3.161757941823037932e-01
1.344017474536868040e+00
5.290320242186226096e-01
