1.988146118706205279e+00
3.950079330250955145e-01
8.699376862635519458e-01
1.818627724365827536e+00
4.615992174262162351e-02
3.683121627377885510e-01
7.826719759709162005e-01
9.777490871022331831e-02
1.488546131583145193e+00
8.470839271769614598e-01
1.534935457535500980e+00
7.911177540664295904e-01
1.308876771798817451e+00
1.331759144976484954e+00
1.314239370026715203e+00
4.520149081337381247e-01
1.892440409389755107e+00
8.320527393744159284e-01
1.251747472148430074e+00
1.006095182352203743e+00
1.414827039377972717e-01
1.267644460563166486e+00
1.433431520454226948e-01
6.551151329423432479e-01
8.123354372003186441e-01
3.877593915304098360e-01
1.080118181781026809e+00
3.779392978441906692e-01
1.447238638587195592e+00
1.787803430886784284e+00
1.431229661354032512e+00
1.689428211628762888e+00
5.030131780795863428e-01
2.135353559608539342e-01
1.574593180826733274e-02
5.212875486626686872e-01
1.861882567364085084e+00
1.373633271243245080e+00
6.066208407375488498e-01
1.627520834957153717e+00
1.816133928017918731e+00
1.409746076177955665e-01
1.890860788293078354e+00
8.780554540849299094e-01
1.760101829820176711e+00
1.302398053596992789e+00
3.122133324010811783e-01
8.613396744533488025e-01
1.551756902413546246e+00
1.650273579678052993e+00
1.608590998712115638e+00
1.892552176888470772e+00
1.439327397488508797e+00
1.476212597198535370e+00
5.397804708545561603e-01
4.125063693834412071e-01
1.440814957677494679e+00
1.340274288655571411e+00
