1.653764422819762103e+00
3.261771726254090176e-01
6.776005457395641862e-01
5.848742854676141079e-01
3.838895894360039307e-03
1.338224945480473771e+00
1.042917870703321981e+00
5.386665743704339704e-01
1.414786735543275054e+00
1.108332721270347321e+00
3.837499999340248102e-01
1.473470245500140052e+00
5.211096452294432524e-01
1.998354741121541878e-01
6.460235408261403300e-01
1.831110635805579534e+00
1.184132513148975718e+00
4.595919097845913015e-01
1.126499338465477784e+00
1.200822113825789739e+00
9.527133412926547251e-02
1.879380349953468698e+00
9.710771956551700335e-01
1.998811105307267244e+00
6.980947651449955771e-01
1.818862856896716451e+00
8.362285869047445530e-01
1.994113884477694221e+00
1.446787041487684000e+00
1.340445200127012182e+00
1.999214370393271878e-01
7.923337496770210819e-01
1.547569671644106748e-01
1.987705372309161778e+00
1.579693302284527423e+00
2.065872756330646709e-01
3.101272110510766566e-02
7.552326163281106730e-01
2.176278173433270346e-01
3.675139738575352588e-01
1.125506455215357526e+00
5.184988508467935908e-01
1.315610992889650888e-01
7.555355804760184313e-01
3.137172304608339957e-01
1.933868132226655323e+00
1.458959549151490620e+00
1.917905261493776603e+00
9.438867941432942388e-01
7.113308266585605111e-02
1.738146782566465820e+00
1.173442551044827642e+00
6.182210593937362830e-01
1.970794448673562460e+00
6.425013101703083152e-01
1.831634661121156693e+00
1.716202697008351485e+00
9.875475365441079845e-01
