1.173548868537128698e-01
1.203753163720274522e+00
9.391808775644294727e-02
1.277006341568869274e+00
1.539494043441811844e+00
6.452223890930186556e-02
1.642626185592443555e+00
6.283834883395935655e-01
1.754111183370580029e+00
9.620959579692067720e-02
1.994913300321373928e+00
9.751461357374724415e-01
1.896733698237988541e+00
7.086408801407784175e-01
2.950970384391244927e-01
8.361381971530139623e-01
9.135171548632716743e-01
1.308138647393985554e+00
1.358015855193196675e+00
2.083644236351331891e-01
1.706316272978031900e+00
1.570457520346935532e+00
1.788909831864270661e+00
1.040296563026709364e+00
1.145329170876880465e+00
9.625086642897997535e-01
6.794004106982942659e-01
2.864841316224353562e-02
1.561582560025433164e+00
8.805947499630248920e-01
7.886265723562844165e-01
3.469033148376832187e-01
1.352928391163541910e+00
7.473572681386082550e-01
3.095416881666297471e-01
1.139030389985837832e+00
2.380996740491032604e-01
7.931926832200884014e-01
6.431276263518226344e-01
1.442866744103072918e-01
5.920437405535698971e-01
8.830873672985899425e-01
1.378983830327713989e+00
1.487930535654726771e+00
1.183818125854196879e+00
1.821299017180419533e+00
5.594474077229265596e-01
1.764029576999090132e+00
5.816363213197845994e-01
3.210601972448383634e-01
8.698142601580940436e-01
1.094495597472358028e+00
4.852870788518521827e-01
7.111664355570725959e-01
1.271281679307219470e+00
1.993600866889078560e+00
1.453634347358806256e+00
1.231020459026739733e+00
