1.482874661428675633e+00
1.686268914719114331e+00
7.176509198528311373e-01
1.575320677999342944e+00
1.051375963597633856e-01
9.905149300811761925e-01
1.570233341602493393e+00
1.234468101582275157e+00
1.991379110485172799e+00
1.980469569336862357e-01
1.372810404152934094e+00
5.046425659701792021e-01
1.505609255786394041e+00
1.409288501555213902e+00
1.967546831501869153e+00
7.710245147565246704e-01
5.199310018711433834e-01
2.943426459560893882e-01
8.549478787603432828e-01
1.534714102404010294e+00
8.229617429840097032e-02
6.176698820788923960e-01
3.077557693860137888e-01
1.457408319092943216e-01
3.828169507326628640e-01
5.956290612350212399e-02
8.871624944561355974e-01
1.484758021180530463e+00
7.385798015240219172e-01
1.551737926273182300e+00
1.267960035981196221e+00
2.099293577891589990e-01
5.200343365216140157e-01
9.928258062020334229e-01
9.303718256133559628e-01
1.636005030242548841e-01
1.972046776121338496e+00
9.517994591574714391e-01
5.331596654317256601e-01
3.435633032818405930e-01
1.841251146283235940e-01
1.924248654125027436e+00
3.598526839048745707e-01
1.078566447644301984e+00
1.062091067002359779e-01
6.061636074074971958e-02
3.352403167884134838e-01
1.571421945039752632e+00
1.039925785478710729e+00
1.252249801135840723e+00
9.702708160145538940e-01
1.570512930176160449e+00
1.192278049958473307e+00
5.587173148826467539e-01
1.322576418686769006e+00
1.617464403768772208e+00
5.697774360403675686e-01
1.793500296346196787e+00
