8.290274861919226801e-01
1.689714258645541367e+00
6.789987360707221420e-01
1.215055681164003420e+00
6.853108701492729438e-01
1.322735585491585208e+00
1.863024215283013429e+00
5.559329000667467824e-03
4.060095825445895201e-01
6.519863323040109293e-02
9.685159419698585737e-02
1.189096889680393954e+00
1.328351627310827787e+00
1.450772025595767456e+00
1.189101768203643772e+00
1.352978451513291880e+00
1.038609944267293805e+00
1.934388821922912172e-01
1.337615019580485232e+00
9.826230345025472879e-01
5.385576905558693284e-01
3.047310461779795254e-01
1.996655996277563183e+00
1.871733952455179928e+00
1.671355802124387058e+00
1.233890487226159571e+00
2.142564951249821270e-01
1.549396694762169346e+00
1.392779092153988429e-01
1.958077642622166437e+00
1.141277059552405770e+00
1.175517796982179952e+00
4.555523642341974266e-02
1.161409142419933538e+00
4.279976376344358791e-01
1.159315416869975301e+00
1.209310257601806438e+00
2.602272462098156325e-01
8.172980271445404732e-01
1.392080072610396790e+00
9.318878319700192314e-01
9.458238878649423143e-01
1.008772824617221175e-02
7.957656479492123403e-01
1.163456318800644151e+00
4.381125344675567135e-01
9.867282330525974920e-01
1.499053989732601622e-02
1.893494594067065773e+00
6.009431293295759424e-01
6.837369347923343277e-01
7.495861280060336362e-01
2.538757067481416385e-01
2.611620400200553860e-01
4.190590475110869129e-01
1.963861975843409713e+00
1.181507417995815601e+00
1.238824620358741857e+00
