5.475892174534204848e-01
1.928058082926324079e+00
1.801523787192200743e-01
1.415434293105515273e+00
4.547678072076157818e-01
2.593218968799959612e-02
6.247395621087838968e-01
1.487626616691914982e+00
1.286381323663139398e+00
4.005111016449989236e-01
4.311881810381703595e-01
1.732200636497352342e+00
3.351014355152219792e-01
1.625004761921511331e-01
9.314445126598918101e-01
1.069319175077700468e+00
1.064309948733317412e+00
1.611675866755816866e+00
7.134225490966521477e-01
2.514575070669695656e-01
1.474974816039633652e+00
8.412915514387764304e-01
1.988430445901925303e-01
2.143268020440882715e-01
1.738793984094331169e+00
1.102346152117258615e+00
1.533698178102951282e+00
1.104292793585678112e+00
1.382713915521900372e+00
1.895406512290505052e+00
1.544001503409786480e-02
1.012881951230801825e-01
1.395349827063549153e+00
1.263538640353158105e+00
1.257953784748964132e-01
1.759047638707068817e+00
3.598085538044455411e-01
6.626669865429102302e-02
1.929877403472022301e+00
3.229063838959267407e-01
1.985352516484736096e+00
1.060845738722853149e-01
1.440002404549178827e+00
2.001852902010212709e-01
1.613036635858494883e+00
3.035673577316511107e-01
5.781381916870147464e-01
1.896533044390079414e+00
1.395328431562381510e-01
4.856553521399247231e-01
2.075803305215502270e-01
1.523510921595313317e+00
2.738596668017829749e-01
2.234969809911557803e-03
1.091674421003340001e+00
1.523850247825194071e+00
1.934267643878234022e+00
2.209012020506295748e-01
