4.903931120440101488e-01
4.054046253498002628e-01
1.507380086524117591e+00
2.280370338859891710e-01
1.487157243760042213e-01
2.080638620902122149e-01
9.251812110160799740e-01
1.047888126688895749e+00
8.975201785001178933e-01
3.250558435648196465e-01
5.863815703597028417e-01
5.540483768291792899e-02
7.293550439109113270e-01
1.243315993495575533e+00
9.764987678456007458e-01
1.555794416290316562e+00
1.249433009021562402e+00
3.681008783549297725e-01
1.254564231431364529e+00
6.453664249116175533e-01
2.974907226652190317e-02
1.758233614397043620e+00
3.750946259933107818e-01
1.139444379259895168e+00
1.421356773095082016e+00
6.929465214051933053e-01
1.080928277034279184e+00
1.182055578346878466e+00
7.603897566970729827e-01
8.368456038625646798e-01
6.991928155657638477e-01
2.791299684556753924e-01
3.057529203642475046e-01
1.617734020185752630e+00
8.511666836328481978e-01
3.644612313811639304e-01
6.330679372791832016e-01
1.442626897506816608e+00
1.078962409620007445e+00
1.227539363931223537e+00
6.272446764545756004e-01
1.201202824658923696e+00
7.333674886941476956e-01
8.612912232479907892e-01
6.530047633141893293e-01
1.533726905793372008e+00
1.795748816635908351e+00
4.275710486522652509e-01
5.219954454053237214e-01
1.886962548492698843e+00
3.696898933802876819e-01
2.396463079876527402e-01
1.067032520938965057e+00
1.674437902083266039e+00
6.360824003422260731e-02
1.096520652128491147e+00
1.113974883917048686e+00
8.956275789868670678e-01
