5.409950424933027691e-01
1.749654507720269869e+00
1.718649638061326979e+00
3.561493793441434796e-01
1.625974629217740386e+00
1.939129986101407077e+00
2.979107087731147629e-02
6.216934838762462334e-01
2.598337089702007496e-01
4.490520695634145909e-01
1.551267705489351112e+00
7.370428603284420177e-01
1.600649733094472893e+00
4.420309186121746947e-01
1.619414201089610206e+00
1.675478040532328627e+00
5.431787761362922851e-01
1.981228876512125314e+00
2.791400300957826985e-01
1.984534901081910441e+00
1.871903368189134387e+00
9.794342350082607673e-01
1.271761349776086902e+00
5.633970366454743584e-02
1.762891036707849857e+00
1.791435587433396925e+00
1.312111468068378972e+00
1.957889173760888557e+00
1.228959814124431560e+00
1.996148276256993981e+00
6.242367624157991735e-01
1.355603696536383129e+00
1.824143916301799617e+00
6.163970441474959649e-01
8.796630929743978200e-01
1.331461615215554950e+00
3.188549448811306419e-01
1.309476663221418313e+00
6.291162337748743560e-01
1.518254751640880862e+00
1.448922926557602686e+00
1.190663103847419357e+00
1.069350466186291815e+00
4.988733383452328418e-01
3.052472290361749607e-01
3.189509761060271842e-02
2.611623207232951493e-01
5.569128184433669304e-03
1.266508782262443233e-02
9.486982867590754154e-01
1.183107387783762121e+00
1.230627491417654262e+00
2.945243592642809993e-01
4.627059409284437486e-01
1.878378029789642412e+00
7.002167631215012733e-01
4.105473503960128667e-01
1.705998685705445439e-02
