9.344276370850352897e-01
1.224592263568495376e+00
1.138149542585357388e+00
7.936773990607428608e-01
5.370394526677073621e-01
4.504441051275778207e-01
7.901689550671702200e-01
1.340841462403870032e-01
1.136570942159682573e-01
5.759717912684534369e-01
1.632414621782496411e-02
1.734911577818528006e+00
6.534223951457192037e-01
1.278026593459236082e-02
1.495834454511866252e+00
1.219287554295881648e+00
1.439860105972470716e+00
1.641051658610150010e+00
2.833961638880655443e-02
1.425290327933271151e+00
1.682490022569507637e+00
2.057311469163969342e-01
1.036367426375676359e+00
1.583244690799525234e+00
2.460833582164583255e-01
1.978873192297783135e-01
1.403977600211447907e-02
5.018613588384202018e-02
1.627319306036588475e+00
1.819197863979333363e+00
7.877417209793349251e-01
1.435424342556365751e+00
6.902076091122371082e-01
1.108170826232419692e+00
4.963542845339192766e-01
5.451517873750018062e-01
3.522799101517284370e-01
8.618788151528211650e-01
3.933680768894127766e-01
1.029918264516589854e+00
1.246252880554867382e+00
1.520398077100259204e+00
7.200139216812928566e-01
1.420257424831374848e-01
1.758076169351402651e+00
3.788023443915871091e-01
1.786056360723205394e+00
9.508876029245643124e-01
1.375770003614409376e+00
1.392362151977804441e+00
1.015139174233210539e-01
1.181349171853650404e+00
1.313593026333137459e+00
9.315734886776074752e-01
3.090907395033553051e-01
1.022053498556314555e+00
1.957376947879702289e+00
3.049827099301460898e-01
