4.003065762794810745e-01
1.087771604728501984e+00
1.390918181770209205e+00
1.020861404838447672e+00
8.353929596983045158e-02
6.957818619436082486e-01
1.170952705664217941e+00
1.959835645384912173e+00
1.145407646440368410e-01
1.565188395857102233e+00
1.712006199138542684e+00
1.173806942950089915e+00
1.325055811241087955e+00
6.747421879479134077e-01
1.139393852045540001e+00
8.601369650999624028e-02
5.071861570215538961e-01
1.302446964612456348e+00
1.198708233500759945e+00
1.205413908447443117e+00
1.803082469090606210e+00
8.024658494794252306e-01
9.623269919431951536e-01
1.956102419033222795e+00
1.155082623393069774e+00
7.911275571849962773e-02
1.586070314728517783e+00
1.230484815304693669e+00
1.902778543350854612e+00
9.599346834807556128e-01
2.423084476485115601e-01
6.253608296831303370e-01
1.291621947879371568e+00
5.368092162840354398e-01
1.645241910535615748e+00
1.956578957321227996e+00
1.774404355273310419e+00
3.973757845671999078e-01
4.799455809912172022e-01
1.577682436308324831e+00
5.965578833869864539e-01
2.462662418757766147e-01
1.734960293847808810e+00
1.002819593753052185e+00
1.747636261878756869e+00
1.509929971389411207e+00
6.758788980453789286e-01
2.551729467217400682e-02
1.792080765121638830e+00
5.039953477251986058e-01
1.551862863270743187e+00
1.343663403853922134e+00
4.751226227725426909e-01
1.295073338213641012e+00
2.278678767301038910e-01
1.812662848377267100e+00
2.335348798102421242e-01
1.964099462973526666e+00
