1.088650430125166491e+00
5.449872981151768769e-01
1.450344852528126616e+00
3.601881375448088285e-01
1.191985961849863607e+00
1.900026790083594541e+00
5.730353973860866645e-01
1.295024593407948732e+00
1.355258789373007922e+00
6.763073570144686464e-01
8.110350644095722927e-01
3.586085647253054454e-01
2.727863263493426338e-01
7.294698824487020339e-01
1.255831271610579947e+00
1.408463975735578799e-01
1.894643275914736247e+00
7.779407682280843339e-01
6.747904138709905908e-01
5.634826780605437513e-01
1.854633167815926686e+00
9.053912420958347695e-01
8.811607461995834001e-01
1.517786457395662758e+00
1.041769762538983901e+00
1.838727835594764048e+00
1.379620742695803592e+00
4.666323286123921221e-01
1.578164194926039876e+00
7.387680589737470882e-01
1.074289162724202384e-01
8.818875224797739776e-03
1.933914622806614858e+00
4.335290275531415993e-01
1.842407345162033749e+00
8.419198810528665256e-01
1.095115320391381708e+00
1.943326323421734170e+00
6.094315318294207806e-01
5.289159427107472666e-01
1.064188158658630812e+00
1.353287339601904726e+00
1.488801877926309913e+00
1.129069201760787955e+00
8.117306370175043639e-01
1.831241053263711560e+00
1.891851267914767210e+00
1.581536915792921327e+00
1.561727635400475656e+00
1.837524790514992734e+00
1.307075124618356732e+00
1.906419987898941848e-01
1.837278438153232774e+00
1.987584812937331247e+00
1.502599353382181313e-01
4.201310269659295216e-01
1.062743670507436011e+00
2.808954459855503849e-01
