1.509565858673275862e+00
1.851919308752970839e+00
1.176473337926561946e+00
1.552863701249850514e+00
9.260655057244315813e-02
1.991574403242305724e+00
5.649031965493374052e-01
3.554840797055276447e-01
9.548505074657795966e-01
1.466609636324057941e+00
7.319971536973604032e-01
3.220914171633020295e-01
1.303318811215406381e+00
4.633992365555887893e-01
1.140066546358641908e+00
1.886518300179622187e+00
5.596797378891640307e-01
1.866491928410146439e+00
1.205734339716820980e+00
5.981327196686376801e-01
1.118267286352081946e+00
3.215717380607938658e-01
1.918380497522667483e+00
3.568288969973352209e-01
1.024165708032245714e+00
1.225435247562600249e+00
9.558451824819669262e-01
1.100937060112371579e+00
1.890768519382863833e+00
1.481632406299747462e+00
1.423428672222795122e-01
1.394011526286724312e+00
1.711183887547747418e+00
1.121863824310477042e+00
1.906879800857774310e+00
1.016615887540794461e+00
1.006990625514303073e+00
1.317182401394356717e-02
8.870858036405016023e-01
1.800855910707737095e-01
1.601787641178187283e+00
8.489834855903954924e-01
1.545139366203382547e+00
1.115690578148837542e+00
6.566433273294882689e-01
4.583314016645010369e-01
3.259451704922282644e-01
1.905402322413115357e+00
1.363584032455832151e+00
6.947781424978840548e-01
1.256451987267177550e-01
1.459540618030335413e+00
1.822842845483002794e+00
4.992222591930781661e-01
8.751931400674379802e-01
9.398904493122675063e-01
9.062589190659906535e-01
3.299473179333261008e-01
