6.753133615479463003e-01
1.638560267347984212e+00
3.870545903759703421e-01
1.909447447929326636e-01
1.603363849320178058e+00
1.557481823972933999e+00
4.966261640801961086e-01
1.528116266366561504e-01
9.695970482414928426e-01
1.084113859188046813e+00
3.725533434165799740e-01
4.921116624655490490e-01
1.317871874084501460e+00
1.989212809819150607e+00
1.733464716510562997e+00
1.258219582456638008e+00
1.086656591009012018e-01
6.766719938990211070e-01
4.423349254396886643e-01
5.233733224823411412e-01
5.393878221082726299e-02
1.294932868701264894e+00
6.390299113312045698e-01
6.143797447261771794e-01
8.695857230279222527e-01
1.198382758944888327e+00
7.202280800091318547e-01
1.163207879985514559e+00
3.224124551524489846e-01
1.722534902217662811e-01
4.655578710111201168e-01
1.686308470107071855e+00
1.791422442764595502e+00
8.392172277311042983e-01
8.062977020584227716e-03
9.844221986362935439e-01
8.556887028793020988e-01
1.190215601751134500e+00
4.442707665482612533e-01
1.506819369535143061e+00
1.929303080548502525e+00
1.596077298810237188e+00
5.009094472506201434e-01
7.734724440609763718e-02
1.409042409001641349e+00
1.899477059282332903e-01
1.288964475609524207e+00
1.440078879931838696e+00
7.470089456003576878e-01
1.054918267738504944e+00
3.141607343920909123e-01
8.696828388950819111e-01
8.675422239123520285e-01
1.492074412842987474e+00
1.960073848163607302e+00
7.425654509905070810e-01
6.757528713334544079e-01
5.279117867950970933e-01
