3.712450631789878663e-01
1.983795433208972447e+00
1.782852500965236064e+00
1.580182185985488097e+00
1.507709224473765985e+00
1.124915915298046354e+00
1.660605303153257051e+00
1.011670202376443672e+00
4.065889582559996107e-01
3.535986121308454244e-03
1.709160764749336092e+00
3.842214061601274544e-01
6.329421311372769310e-01
1.210704586911233172e-01
3.197637980229752763e-01
1.027689883993359476e+00
8.625901859291698059e-01
5.141937063020676213e-01
4.712904173938263774e-01
1.377031215493752292e+00
1.448608836268711730e+00
2.118484052262448181e-01
2.304062326841416208e-02
1.220088440382384842e+00
7.988234563148775003e-01
1.387277518085682448e+00
1.086064871835704437e+00
1.560647047502075946e+00
1.641182815162130826e+00
2.370400169291562165e-01
1.231666112464852691e+00
1.390294058829575796e+00
1.347899387094869894e+00
1.348104770711223477e+00
9.769087746062936617e-01
4.277258404470982711e-01
1.779284176507140547e+00
1.965348155189817536e+00
7.190229736194027055e-01
6.723162920798260167e-01
4.712120795979952703e-01
1.301029068238299669e+00
5.410299983046917838e-01
4.141844512352972352e-01
5.818855085126157789e-01
1.591822273305694146e+00
8.384475908104289665e-01
1.755476687126326318e+00
9.300037202798083769e-01
9.728317566575692688e-01
1.273435162927423647e+00
1.188093861404468488e+00
7.339332768224635650e-01
8.700520981556607580e-01
1.625356327792608191e+00
1.259163368759494972e+00
1.230189817559205423e+00
1.353235821229426428e+00
