1.341894119995112433e+00
4.414511775168423746e-01
9.649193819141990147e-01
6.331240916732903123e-01
1.347202416117962542e+00
4.189043892439601180e-01
8.261443910640156041e-01
4.544542669476343555e-01
1.895444528638004833e+00
1.063303348686007510e+00
3.731597255801233359e-01
7.959129576125527628e-01
1.586979978427993210e+00
1.384775423004532602e+00
3.936852175673273280e-01
5.315785532799939261e-01
2.660147688245499964e-01
1.154349139843010796e+00
3.959456887189443108e-01
6.336150699863956071e-01
1.470453753832397847e+00
1.141278567094608842e+00
4.947268731053111601e-01
1.017408058481195088e+00
1.139895229224538564e+00
1.945116177068161534e+00
6.433078806346319567e-01
1.845118190932858226e+00
2.499414271994870873e-01
4.137425976111481774e-01
1.396867495311609808e+00
1.474385676401331668e+00
1.367587311902847880e+00
4.338394016239823792e-01
1.815014262391456690e+00
4.806228042094917718e-01
7.010110183750928314e-02
6.240296063299415330e-01
1.434725693466563534e+00
9.917772078628801502e-01
1.770593178496934428e+00
4.988129324969929890e-01
1.173125957533049935e-01
7.160238905971119117e-01
1.321222096447632666e+00
1.881970878108497391e+00
1.153982170122127116e+00
1.809852790245341403e+00
1.275498998950145069e+00
1.298257627328095687e+00
9.049358163884901884e-02
1.950287132015674718e+00
1.511179125213670371e+00
1.951944372220972390e+00
1.153310850526760856e+00
1.246333097469154438e+00
5.118460578881216527e-01
9.337079484097987603e-02
