4.528129382065331221e-01
7.379193914973454227e-01
1.067817814074628391e+00
4.230693778062928345e-01
1.239234044449758709e+00
8.560850499750896070e-01
4.452302751369745515e-01
1.935979412334041250e-01
1.922218468226286170e+00
1.486277467124738738e+00
2.664962301523630117e-01
1.357972362994300575e+00
1.745174787639844016e+00
1.228147317390475557e+00
8.364828231046486096e-01
9.845949283669965801e-01
2.082711433579476079e-02
1.241158384633756384e+00
7.931820572937575697e-01
6.139560533995243041e-01
1.915382962003153722e+00
1.781766221778918968e+00
3.147268554299946786e-01
1.076596232578076684e+00
1.406953458581935212e+00
7.514541063148603151e-01
1.552100700383762799e+00
4.158262132110666087e-01
6.425207265020693725e-01
1.704144685551009175e+00
1.967969854589278977e+00
6.374896673775998224e-01
1.378240620850293752e+00
9.596971370573026405e-02
3.691592370945255830e-01
8.259918989682368817e-03
5.457602915709860447e-01
1.584690196084507008e+00
1.856740332727577769e+00
1.869726096624190870e+00
1.682957562312993538e+00
9.864691181583782331e-01
3.941984571887795497e-01
3.547434990537250421e-01
1.007527723351995252e+00
5.229414399701481919e-01
1.516091004509405149e+00
9.028118525527997207e-01
1.984357228268911477e+00
1.046679236706825389e+00
3.588323529188146566e-01
1.676085000395437508e+00
6.692857411336636808e-01
1.651733068299035434e+00
1.512936215275703322e+00
6.491437781243858396e-01
1.153529269500088716e+00
2.757146087777955223e-01
