4.900651249118488373e-01
4.224182223983721229e-01
3.422196000956567730e-01
3.474081443392611490e-01
8.990765702317382591e-03
5.297314798529493274e-01
8.443355062887225593e-01
1.153938908062005719e+00
4.010590632272048595e-02
1.962298798829377855e+00
9.067615849116794635e-01
1.529173368784158882e+00
1.045474270442931175e+00
1.570948603017520817e+00
1.733886745236532967e+00
2.250257588378383744e-01
5.454572444400791476e-01
7.683948827029549733e-01
2.666427611188253444e-01
7.445963181190040636e-01
7.818679517706761395e-01
1.397812519526997477e+00
1.224522435219015826e+00
3.405839321793129315e-01
5.335017114482618616e-01
1.301392717930007326e+00
9.680221740664469721e-01
4.986811035746532283e-01
6.984929906009149647e-01
1.695023225861403304e+00
2.360583412313630447e-01
1.930345237619507603e+00
1.826041484816853799e+00
8.701065637263916130e-01
1.537316854118730980e-01
3.832515639766733706e-01
1.488170791680747396e+00
1.272321241137884140e+00
6.400618680940630689e-01
7.793052972045599880e-01
6.026379661127148069e-01
1.428080031630596380e-02
7.268599805413495929e-01
1.973553746011208698e+00
7.332837712859983093e-01
1.369042421823052802e+00
1.164822386561525924e+00
2.089366551372604519e-01
5.176065080150147324e-01
9.036958695478252146e-01
1.804445506363158813e+00
1.072442297968836389e+00
1.061503915817810118e+00
6.126178431156303894e-01
8.919228655428019792e-01
7.170684561422957515e-02
6.760938075872919839e-01
1.373320941409704066e+00
