4.605173581322343779e-01
1.798229211749716949e+00
1.456963110968252373e-01
1.424315882973640868e+00
1.711908870200394173e+00
1.451380527009638932e+00
1.069191610950829485e+00
3.221891458661274577e-01
1.334302976046855438e+00
1.506504688230608124e+00
3.842866920334744307e-01
1.147307087692478689e+00
1.827250571031101334e+00
5.020333054966128472e-01
9.322377102666647986e-01
1.981724142595906013e+00
6.890204589369144372e-01
9.138803732933058477e-01
1.693442601149771409e+00
4.900978938641062932e-01
1.197031334289130999e+00
1.817417885572179426e+00
1.588516944354915861e+00
1.827252044938281639e+00
1.504619571753598173e+00
1.736706837166353434e+00
1.102401409659454323e+00
8.606577526805452294e-01
8.967163810473364194e-01
2.947397674679406165e-01
1.845576839937344893e+00
9.400957426281308926e-01
8.575622645738589789e-01
9.835400716979916247e-01
1.029865564596507355e+00
1.349683555545452940e+00
9.942731113713958457e-01
5.419777488170445245e-01
6.850249484375314779e-01
6.376416421027344406e-01
1.918508557103973722e+00
3.533009581998052262e-01
1.392493697828452337e+00
1.764550724266142900e+00
5.840396397464466816e-01
9.827554453265552326e-02
1.986146916332474532e+00
4.747787132175087521e-01
1.800963554262863475e+00
6.402691073503801178e-01
5.745506943051146287e-01
1.546899979920677293e+00
8.567728888954166955e-01
1.842401038182150952e+00
1.588135702807564442e+00
4.288275309032965055e-01
1.027556690520766036e+00
6.995635935576656195e-01
