4.656801274566255699e-01
1.043585756871288073e+00
1.603977508192059087e+00
1.021478150117086869e+00
1.127322915641855161e-01
5.193469051185450880e-01
3.946859696020457164e-01
8.509346575034730797e-01
7.673031261507943235e-01
2.663404392312695990e-01
1.766518700811332110e+00
1.424117534655345629e+00
1.145357922171309273e+00
2.111067634092709255e-01
6.045300688558095104e-01
1.000140499605151501e+00
5.837350610620317681e-01
2.783284698332662011e-01
3.666629101559810699e-01
1.651102915976495389e+00
1.273912810542767726e+00
8.404463578989949113e-01
1.654349928562490302e+00
3.530659805708289412e-01
1.753347322951332998e+00
4.389022364644454832e-01
3.369916835311244085e-01
1.917210861998809523e+00
3.544798918348313066e-02
1.408957591299687007e+00
5.157151504600272496e-01
1.264461156284830246e+00
1.144668133681905342e+00
1.954426535761044192e+00
8.060817891053844164e-01
9.465319380469949806e-02
6.704089312329872818e-01
1.323956899865653458e+00
5.849403106170525390e-01
5.448187395243713205e-01
1.453846621142103057e+00
2.197232369052106726e-01
1.938443907847391845e+00
1.619984394580046505e+00
2.821772774970132680e-01
1.663983146648908562e+00
8.227787282787870637e-01
1.622174730855276525e+00
2.037050488062424058e-01
4.843486537038792505e-01
2.344392951264331337e-01
7.841639337594843440e-01
1.199490173496827516e+00
4.259659394648322994e-01
1.364199847638448038e+00
7.373204541808249246e-01
9.516513505452746102e-01
4.465187228605094205e-02
