2.726232099840588674e-01
5.544928239752491272e-01
1.212077871231609372e+00
1.891442622675334473e+00
1.425794962973854663e+00
3.529401853899751806e-01
1.528944312285117846e+00
1.777338767932227004e+00
9.516095816714398303e-01
1.919499060792082545e+00
1.795490169220495424e+00
5.894412574204093147e-01
4.661953644954590636e-01
1.452729695968678847e+00
1.855375522171527791e+00
1.193636350829848869e+00
1.886285191080141033e+00
1.418508099603422057e+00
8.233374511060027601e-01
7.071155936681479126e-01
3.701145079419987383e-01
1.674474439680216253e+00
1.283627029374044159e+00
2.235662274664189653e-01
1.124231291179531578e+00
6.662610142570910554e-01
7.355874625658564980e-03
5.824429629757417182e-01
9.619965984542702131e-01
1.022682574214067941e+00
1.896058405750076670e+00
1.911426370663062979e+00
1.079278928315641206e+00
1.602233468983746523e+00
1.682876932553162952e+00
3.799011837716381734e-01
1.487853259346145762e+00
1.108274889380753692e+00
1.857473411697797783e+00
2.512953217085995838e-01
1.717184745180087013e-01
1.569705254465585398e+00
8.306810002985578478e-01
9.259588526218776039e-02
9.313181797731489020e-01
1.391855804699096755e+00
1.597681866246996929e+00
5.259460339162518316e-01
1.971242439178729544e+00
7.500779740748240165e-01
1.690330983144962662e+00
4.142323723924863366e-01
1.034805487714559380e+00
2.545291578520418874e-01
8.733594531555262108e-01
7.953322323540579220e-01
3.830293212509676692e-01
1.685194593507068017e+00
