2.341127148286163973e-01
1.503829381414413913e+00
1.279878199924617377e+00
2.176073210026725491e-01
5.701669061655141313e-01
8.477044669455193748e-01
1.052673185969120961e+00
6.008631158336372735e-01
7.920773888405769902e-01
1.346649043701667825e+00
1.768121347079956163e+00
1.267985253437315496e+00
1.489359625118336083e-01
1.478053389313096488e-01
4.679421081712291652e-01
9.443134033855171694e-01
2.781199799536278050e-01
1.864872825270879719e+00
1.125671413508089191e+00
1.636527315205153155e+00
1.387030981839152854e+00
5.696235711557724457e-01
1.071032475376559656e+00
4.398507674941671830e-01
1.681272470556078868e+00
4.030655498887512067e-01
2.770946226023189851e-01
5.962274821968178706e-01
1.887514348732386438e+00
1.533175719011230065e+00
1.348191964489727113e+00
1.704185887920453890e+00
1.563156892972505929e-02
4.840847317710981201e-01
9.787668750998554934e-01
1.249292660211998029e+00
1.195552419703640901e+00
1.580427928439501528e+00
3.427108103957205998e-01
1.495750292680738003e+00
1.953835581210741523e+00
2.238329667628988773e-01
1.489769448223576820e+00
1.886465599743587962e+00
4.082391261783646641e-01
1.549767655628867757e+00
1.090074226076111596e+00
1.472220053702384845e+00
2.287418187884711074e-01
1.529793489635905335e+00
1.781387937217368655e+00
6.456115237070885193e-01
1.027084669191018040e+00
5.967254810851243541e-01
5.844881196353690633e-01
1.530879140326412813e+00
1.127270066495122069e+00
8.738950449473659177e-02
