1.112577772966560907e+00
3.490359104530114109e-01
1.381477839697577092e+00
1.166543819301058882e+00
5.001328023182964877e-01
1.678634864937349924e+00
1.037266757955124241e-01
8.783682481967236555e-01
1.730246836172740998e+00
4.047507953846860573e-01
6.203094377365858669e-01
1.365349860454702302e+00
1.798890832896652192e+00
1.617950333917219208e+00
1.187463113210107668e+00
5.491536208954257425e-01
1.406919290551073232e+00
3.862655194504003298e-01
1.423516467182885048e+00
7.677888272161585981e-01
1.273382466598750984e+00
1.765335365025111347e+00
7.929889560115848113e-01
9.159578487845951855e-01
6.836865032612942095e-01
1.727366533403795756e+00
8.392139711627715215e-01
1.076186951541181713e+00
1.455066790730564996e+00
5.332057358561241855e-01
1.507449460278625697e+00
1.528968267610840037e+00
1.487757708243236277e+00
1.898634800175553750e+00
1.742579346934361784e+00
1.645148479439366707e+00
1.638847642385857117e+00
9.991798987416249389e-01
9.226960367495617987e-01
1.466074763717078344e+00
8.395298718558348305e-01
8.190479018157228452e-01
6.707654363008175302e-01
1.573086047182755465e+00
5.369214473253740572e-01
6.609056519102138871e-01
6.343166396684063457e-01
3.331287566502898478e-01
1.108206548829771432e+00
6.232341332416773128e-01
6.684671724974289297e-01
1.068895556364666710e+00
6.541295299492353443e-01
5.248946022978828729e-01
2.791934675425298273e-01
1.186523231123883804e-01
6.536835470354920297e-01
1.607183341797580933e+00
