1.389144228709245699e+00
1.458286899393934188e+00
1.980588298724178742e+00
6.042838629181237486e-01
1.451978139990544481e+00
1.598490161043236046e+00
4.113009014452919665e-01
1.241399365804909394e-01
1.831654292302002940e+00
1.944933047434369566e+00
2.865593008358313654e-02
1.562559880494044151e+00
1.070097060270239542e+00
9.524051414586658382e-01
5.158775552540015852e-01
1.133617270829476720e+00
4.039938680583583519e-01
1.788971661144656444e+00
1.192079852100550674e+00
1.793487691570754272e+00
1.790587657256750731e+00
1.080001542752237143e+00
1.079924321061740855e+00
1.052512066426101622e+00
1.428788272729145881e+00
2.109890275791066472e-01
4.454293129483097857e-01
7.174140624420517476e-01
1.061237259095344054e+00
1.611500285044298764e+00
9.221712140054596496e-01
1.556088914678417368e-01
2.244457950778993016e-01
1.736028999228249603e-01
5.760942142793088472e-01
3.459733661428483487e-01
1.297680406550001386e+00
1.568636044856917877e+00
3.704605447853648315e-01
6.035040037653742750e-01
2.383544603270353335e-01
5.581951818857944225e-01
1.383230643709008056e-01
1.322894337160551714e-01
2.222728301233596326e-01
1.165636232844970976e+00
7.111068592544689260e-01
1.899594778112991822e+00
9.421566545591453234e-02
9.279903480855438147e-01
1.098218015555373572e+00
1.696359840477989600e+00
1.819163981782792927e+00
8.744787432317271403e-01
1.485830144946079567e+00
3.631282700925413387e-01
5.177227274597440143e-02
4.193185540587323068e-01
