1.076264901516562844e+00
6.518721658530690632e-01
6.980554245307768468e-01
5.485893387605811355e-02
1.283149406805832893e+00
1.263924955467712330e+00
1.225010720016104226e+00
1.113904934538236802e+00
9.445253832412041639e-01
1.384867767934743199e-01
1.356106396927182711e+00
9.736596515726869683e-02
1.039943087224780793e+00
5.764303845014020489e-01
8.160615341508696829e-01
1.482196343808488415e-01
1.444076262202413474e+00
1.584689353720389882e-01
9.160133668072241164e-01
5.953967008664839966e-02
2.470612433817676035e-02
1.660008378156841324e+00
8.015797937322313160e-01
1.400436521791498024e+00
1.938964776534754630e+00
2.337279370218494634e-01
9.633052963287669357e-01
4.709218347500963020e-01
7.735395752926286228e-01
1.452545658957695718e+00
1.065042356240073484e+00
1.434938181252318756e+00
3.970427896162043169e-02
9.059558201557380563e-01
8.403055951130293799e-01
1.271684843029451173e+00
1.339098371964958734e+00
8.954791601626177489e-01
1.122650909174300438e+00
1.977738222421113523e+00
1.259812389613966133e+00
1.006544291254777512e+00
1.159854925461759834e+00
1.289244657703529029e+00
1.604243969320923391e+00
1.243730390961792498e+00
3.728886366610408842e-01
1.560314735456862056e+00
1.069427562362161854e+00
4.261303444079436176e-01
6.708091920736545255e-01
1.750249018553203584e+00
9.850942969454807852e-01
6.212093050623623824e-02
7.825882810019608726e-01
6.125737801400199523e-01
1.742042453376494215e+00
1.241386806019908473e+00
2.234892044309053638e-01
4.759283473689386312e-01
1.025709816578491473e+00
1.944749018194687373e+00
7.650231699215552794e-01
3.865893998898553008e-01
9.613826510174057205e-01
8.708135924189122079e-01
1.366563766197295582e+00
1.648699770351176319e-01
6.417163205807470128e-01
1.014334018056870512e+00
7.504744489491188553e-01
1.194518338726790141e+00
1.074772656460842413e+00
1.594368298249773108e+00
1.558844618479560573e+00
1.576216552565395279e+00
