1.126249527569354036e-01
1.216919635340265593e-01
7.631706794087502743e-01
1.016274765805091018e+00
1.831226012180948270e+00
1.568650383299919238e+00
5.466777113536136490e-01
1.287609633971955159e+00
1.822520318495551628e+00
7.614733689351300683e-01
4.708628801378051953e-01
2.614900005707525565e-01
7.005024092822731419e-02
1.612687891811856566e+00
1.497947940855492988e-01
1.283804336806060320e-01
1.455325267959681312e+00
1.899242107823287729e+00
1.989487147292323233e+00
1.496304448239361040e+00
6.233483198521438950e-01
1.274580542064888800e+00
1.362026761489891324e+00
4.676491892614569323e-01
7.163858074979629897e-01
3.168746843657950230e-01
3.772535825717646674e-01
8.411995632006519230e-02
6.557668609052025310e-01
1.706610154840273452e-01
4.685910770303141071e-01
4.003624779498573538e-01
3.907785780534918096e-01
7.290153675957546930e-01
8.225378792405462214e-01
4.576783959425156922e-01
1.396445344241178610e+00
1.275097958693266254e+00
5.513092029709460995e-01
1.862090440618705767e+00
2.539460705317928557e-01
1.687130925592198238e+00
1.046517913821471968e+00
1.738053667655536483e+00
1.611624966748129939e+00
1.986376014222205999e+00
3.189424837069330110e-01
1.718140656151810663e+00
1.555372269999110380e+00
5.029669769494038434e-01
1.505802769086028725e+00
2.833784396236977976e-01
1.525720500073745711e+00
4.844847732507315818e-01
6.752945339290197246e-01
1.776802451819314399e+00
1.280169516327549495e-01
1.478571425412503082e+00
2.073126679435732811e-02
1.282467093382649193e+00
7.514796878136418279e-01
2.028375398285833242e-01
7.096295170886199877e-01
1.612401149609016482e+00
1.420299267448691172e+00
1.359228042787038238e+00
1.092409814061479967e+00
3.711398966534633637e-01
6.422283228709479985e-02
1.848750227551823055e+00
1.889020477654146823e+00
1.155006853663408606e+00
1.676356641521287827e+00
4.954169642122652206e-01
2.832375367623787277e-01
1.078200719769889737e+00
