1.292670851539749144e+00
2.307156987034071349e-01
7.193974277551444807e-01
1.863251458810425643e+00
1.341063851836406862e+00
4.095208737112479014e-01
8.537217864609574214e-01
1.137734930582745552e+00
7.078645459909100879e-01
1.773879484091255954e+00
6.505500294971122699e-02
5.150834078631039148e-03
4.777698554876224080e-01
1.819530219778391800e+00
1.393959061438344804e+00
5.946984063951523680e-01
1.925935991842171457e+00
7.958249091262858954e-02
5.096071754762654393e-01
1.060434514403252759e+00
6.434480365844206240e-01
1.551771720276317268e+00
7.540746346856317395e-01
1.537539066926288722e+00
1.855197140347148999e+00
1.106049164168967813e+00
9.460161424736091007e-01
1.437935338869207325e+00
1.675540685588866818e+00
9.790968764467518071e-01
1.494207414126749178e-01
9.889149626734075049e-01
6.432189401700791898e-01
1.810130848461924735e+00
9.825653966954095431e-01
1.684626255673000284e+00
5.343110867039331247e-01
1.029046781875043060e+00
1.366187701113680042e+00
8.912014794244478288e-01
9.871790451184114801e-01
1.246071047086385608e+00
1.830783274778450487e+00
1.287559961933635311e+00
1.052187703781410022e+00
1.963721506704147135e+00
7.684719312289707283e-01
7.473358988198715025e-01
6.453080246427482791e-01
1.993002197031132905e+00
9.948583366771268643e-01
7.833877889364257996e-01
1.237333351156599370e+00
4.478167624195705798e-02
1.391067399390586434e+00
2.651279703204094673e-01
1.672894524494735080e+00
1.628608095788064425e-01
2.313236201143054060e-02
7.393982276558368483e-01
9.798689165200205053e-01
6.067197378673894193e-02
1.331544511021723665e+00
7.885508719836900049e-01
1.297478894976396457e+00
1.082855010813474461e+00
8.910387596865496640e-01
1.161273249406611363e-01
8.295671975019169864e-01
1.189594593565002079e+00
6.467244397660216748e-01
9.238919162890235626e-02
1.869099483336859269e+00
1.784823542231769533e+00
1.067589913332905649e+00
1.105175674065842273e+00
