1.819400425597788917e+00
2.186052740700632491e-01
1.279385612661263938e+00
6.817414229837068795e-01
4.421254855322032107e-01
1.933075675229369850e-01
6.222539903837116526e-01
1.485834101585294942e+00
5.996791325542933926e-01
1.067857678996549708e+00
1.015969753622087524e+00
1.705253909789679945e+00
6.902044514610268244e-01
4.915243883231914523e-01
1.517895912239608514e+00
8.387787862476354661e-01
1.206878909005525191e+00
1.967306384752151249e+00
1.239011280698902429e+00
2.186640412874485406e-01
1.843902150947219987e+00
2.565029035471253493e-01
8.874421825820908438e-01
1.224802081671930498e+00
1.682806032128248752e+00
6.918203860560221408e-01
5.780908848284780355e-01
1.362990193843626852e+00
1.367699180145944382e+00
1.365511776302138269e+00
7.988937023381788016e-01
1.142303479583224757e+00
1.524079084906142967e+00
3.007871850265892988e-01
5.211660807663660577e-01
5.161068784798268361e-01
6.662707155720393182e-01
2.321396538796389741e-01
8.701409016698482546e-01
1.107095205035970586e-01
1.548366557819303324e+00
1.810772220342467431e+00
1.330627949636253859e-01
7.682328478591506915e-01
6.696580038852948391e-01
1.126663044977289196e+00
5.845048574394651197e-01
1.300393079334781099e+00
1.671477276771629050e+00
1.866467328532834813e-01
1.744210485679766443e+00
7.509823985218893050e-01
1.957016996846623336e-01
1.039285277047621747e+00
8.326490238922534814e-01
1.870007291135777905e+00
1.310125498301231151e+00
1.958137339718352354e+00
5.539703346393345385e-01
9.228920011477015350e-01
1.597011255393816498e+00
7.527606645458875256e-01
3.371616336003779857e-01
5.329313011168470560e-01
7.566026958454670215e-01
9.183557414288490151e-02
2.849439993458782183e-01
3.796560834846252064e-01
1.966024435573685114e+00
1.758123104540939341e+00
1.229844287506621114e+00
6.988833314638123184e-01
1.178335484735688166e+00
1.872857099008244042e+00
1.754720664211436354e+00
1.102672552467192979e+00
