4.039700680324340709e-01
3.783695153072028639e-01
1.649263625246573994e+00
1.283607287826308507e+00
2.442563689464187782e-01
6.676622533319869213e-01
1.677860813072853396e-01
5.654306932416064413e-02
5.324649847394793412e-01
1.442771320659469225e+00
7.160448469423097428e-01
1.056472001296775431e-01
1.948242027469695437e+00
1.275169553811802636e+00
3.590063617294254605e-01
5.586847347213939052e-01
8.540442488306170254e-01
4.802076647327702119e-02
1.484153831212947861e+00
3.713118018348389171e-01
1.257050478815183059e+00
3.843831017534906636e-01
1.466637034761976821e+00
1.186742306664124502e+00
1.369143043223270073e+00
5.797552082795016659e-01
1.986672523081521646e+00
1.331980668436045789e-01
7.034846283767524078e-01
7.833764897655677295e-01
1.672794318104938505e+00
3.854553339870347983e-02
9.351896873307210534e-01
1.425953842082740675e+00
9.673469130232166258e-01
1.810977272014219430e+00
2.685333852590838788e-01
1.521512591841847950e+00
4.413366445958311068e-01
1.110556963310666667e+00
2.093305200275334954e-01
2.904378007508734427e-01
1.805971724392279043e-01
1.218679281482581978e-01
1.054961369918791192e+00
7.140619899954097072e-01
3.993204847004259150e-01
5.860073828137672969e-01
3.815276031301206849e-01
6.885607225994392344e-01
1.809552829436223309e+00
6.569394986917611590e-01
5.597732909193999795e-01
2.740140917019706635e-02
1.407186502929844263e+00
9.358282269815858534e-01
1.780530638647193520e+00
6.733283224345565365e-01
4.562589556387099954e-01
1.586910159738800452e+00
1.486313151291305701e+00
1.297290252039636993e+00
1.363506541549283302e+00
1.279904595070411766e+00
1.420773709408029717e-01
8.813004146694880525e-01
8.763737859692009025e-01
1.526445241391099827e+00
1.285661254111547969e+00
1.126360231903412057e+00
1.854296269255464313e+00
3.437372044575268681e-01
7.680103104741786701e-01
1.884242795037094353e-01
4.424998069321963712e-01
2.025937041478402811e-01
