3.095109154382562622e-01
1.710390453776885700e+00
3.311128380605659061e-01
1.283501962116770923e+00
1.388076771212553684e+00
1.280713354368143708e+00
4.024728183725296837e-01
3.102294573398323152e-01
2.760875413393577560e-01
6.914409929907900931e-01
1.857699267669520093e+00
1.048048063396425089e+00
1.455296712248053570e+00
3.891210970308249806e-01
4.644943962089129741e-01
2.844915706888526685e-01
1.864917633144140385e+00
2.440357976718563471e-01
1.230299865194202980e+00
1.264089816458644489e+00
1.940550309788953598e+00
1.342822975597125268e+00
1.886457218375879652e+00
1.143230363324164500e+00
1.881939918657121957e+00
8.336100347944701561e-01
6.668581257641501558e-01
7.596710824725296796e-01
1.920383700653469639e+00
1.774391978873035569e-01
8.379404315086063093e-01
1.438992477457594177e+00
1.990650301126252852e+00
7.340763325533146144e-01
1.669366002630652268e+00
5.116313722145102716e-01
1.149940905225050436e+00
1.463051908979170257e+00
1.054774716581902805e+00
6.261384704350230201e-01
7.904298437455525850e-01
2.950802419386464592e-01
8.933682500495705447e-01
1.934934374571324778e+00
1.179080749172589648e-01
8.802912880604614188e-01
1.408654159465976274e+00
1.842419594603819544e+00
1.582590299072157869e+00
6.094224945908113256e-01
4.980513232576826432e-01
4.894804293781835902e-01
2.570154669937294578e-01
9.626303273749092781e-01
5.480311856810509141e-01
1.867819760875377710e-01
1.188447792683548165e+00
1.513938172066553012e+00
1.011736608554412165e+00
9.835387840218836608e-01
1.398129140954518235e-01
1.605363423868389816e+00
9.408950249569381086e-01
3.631063258969464691e-01
7.214602624224166760e-01
1.398534576365388471e+00
5.495820488110965130e-01
3.810837313396695514e-01
9.824300836889543476e-01
3.934718930384644153e-01
1.337914537944447257e+00
1.557885783330633434e+00
9.250235738950389752e-01
1.177154341198423992e+00
3.319069342997029715e-01
4.576015034562752604e-01
