7.426056004733672111e-02
8.399501043391541799e-01
1.799974009941477160e+00
7.871256443729186536e-01
9.751948347267402895e-02
6.045393516980457349e-01
1.685827918975286277e+00
1.256866320018485972e-01
1.701069288146774383e+00
1.017973985280358207e+00
8.730193450340077987e-01
1.872779739265976406e+00
1.358881819625374021e+00
1.532868759925410718e+00
4.182325954552332803e-01
1.735952208321807078e-01
7.948334258927047813e-04
8.231906008868645763e-01
1.349139113154576908e+00
1.690870195020148792e-01
1.107505740366829361e+00
1.458165921763721951e+00
5.532663322237008074e-02
1.484935542279446352e+00
1.991479713213374136e+00
1.531270709511988404e+00
1.800236828101102748e+00
1.139933920902018727e-01
1.866809818414190136e+00
1.081547851371821078e+00
1.677830463786899262e+00
1.382421346726180111e+00
1.137612943795031306e+00
5.482283664390363853e-01
2.875834677305535436e-01
6.419651719203969265e-01
2.395382849816138915e-01
7.361970849817311979e-01
1.528066055740790574e+00
2.167892109733280392e-01
7.713491875888296434e-01
1.165750460645764708e+00
1.841312306544356403e+00
1.886697236960591439e+00
1.371769575604017799e+00
8.321492064291367008e-01
8.792026404373833870e-01
1.137255303341667911e+00
1.491132870955004464e+00
1.999286360947701180e+00
2.984103294150690644e-01
9.849101485229461161e-02
1.077987993116721555e+00
1.400238867267346254e+00
6.894744355623063647e-01
3.822868451340886153e-01
3.850388567634688286e-02
1.200969599827005574e+00
1.473412349963495682e+00
8.511539956749891722e-01
2.179700391363130763e-01
1.982874731123247969e+00
1.216514180415634527e+00
6.245026137581985992e-01
1.546555005120632487e+00
1.845590634861907109e+00
2.738624361168273680e-01
4.579788469938597117e-01
5.045151596198778066e-01
1.737307606432506812e+00
8.399524620705474121e-01
1.070625331242971434e+00
2.975228966464937841e-02
1.399439608178127958e+00
6.984568495256615606e-01
1.556783307022280294e+00
