9.219076364592280193e-01
1.670676588388714912e+00
2.093732328133817155e-01
1.014287018674101315e+00
9.255374722147502453e-02
8.050967524815968446e-01
4.034739514174612296e-01
1.629909963215411484e+00
1.515709560850348137e+00
9.249434408102188421e-01
2.248345702551084457e-01
1.971050894962320221e+00
1.215348366672717173e+00
8.102209114156129210e-01
1.852872153267806521e+00
1.279197321236774432e+00
1.255122720371138811e+00
8.634841032707361030e-01
5.845664083107435793e-01
1.505674489054718013e+00
1.546239939667745311e+00
1.774487412109924112e+00
1.572610394577494741e+00
9.963981329859943337e-01
1.689678815383885535e+00
8.084958000145801016e-01
1.200925126003308030e+00
1.855315412080391191e+00
1.966975646695929392e+00
1.186232715372939062e-01
7.049967725078025715e-01
1.400045425835245272e+00
1.893821415658715424e+00
5.943234111196220582e-01
4.899352291433722861e-01
1.614788953314764353e+00
8.026209460812068208e-01
5.671337950398203098e-01
3.986152350244021036e-01
1.023360144504385172e+00
9.591088574750266105e-01
1.394070244798133018e+00
1.463773744741905247e+00
8.185039656424426546e-01
1.797288547444814366e+00
5.596131267005159948e-01
1.626085908332828733e+00
2.908618229542869749e-01
1.002441521881640707e+00
3.631596496804778695e-02
1.880605016970346099e+00
1.796514620000257523e+00
1.951410854051357724e+00
1.058499088762117069e-01
1.595932379247500421e+00
8.671709068192727798e-01
1.584015057128329573e-01
1.817420719812441909e+00
3.205858237598251392e-01
1.179287308336137929e+00
1.427500398847906027e+00
3.567852517541330037e-01
1.285116121533593336e+00
8.103407596225400411e-01
1.456055926495114505e+00
6.771849332085433382e-01
1.064834726899582140e+00
1.428898062481458897e+00
5.683968873170921476e-01
1.317464500900639379e+00
1.399275432952651776e+00
1.046951876101892331e+00
6.465716207342482313e-01
7.672685608539993041e-01
6.931400386469790398e-01
1.091658644481793949e+00
