9.699697888535800949e-01
2.951019248862936095e-01
3.243922882866860924e-01
1.750483955646396250e+00
3.297866691350170854e-02
1.837750272218861447e+00
1.856346172057893984e+00
1.476800968200980169e+00
1.554647625735079419e+00
1.234675156003616436e+00
1.537124488245565690e+00
6.907831958757304491e-02
4.972187836985826337e-01
3.943346145312593976e-01
8.512077093975563002e-01
1.068015523419510782e+00
7.592913997030366069e-01
1.258299832742605595e+00
1.946924938082930101e+00
1.603460141976519981e+00
1.200795615377544756e+00
1.134631336040186955e+00
1.195779865412670784e+00
1.386120198862294650e+00
9.329464618788536612e-01
2.439125543255795669e-01
6.843709613889195076e-01
1.813041988696851181e+00
1.381916759226631264e-01
2.723686683412775977e-01
1.276968933317522925e+00
1.464192287674431103e+00
1.458622807076736194e+00
1.985070123774472339e+00
1.589992339488147444e+00
1.787397028358345796e+00
8.881404605470506475e-01
1.958786958069802075e+00
5.402890235447133094e-01
2.914444532202891125e-01
1.391266643333988196e+00
8.420000713752906485e-01
9.789604491836718658e-01
7.184021581124055977e-01
1.769555420706636628e+00
1.011449741286704729e+00
1.780149233663459452e+00
1.436251469745878140e+00
9.558827513192356129e-01
1.638863928527195313e+00
1.752821861693942829e-01
1.506818435300960601e-02
3.833556184173567694e-01
1.745075006813610052e-01
5.672763744857092227e-01
1.678964844419619684e+00
1.074028530137024262e+00
1.836542544696895263e-01
1.371485241916889919e+00
1.733706378168118789e+00
4.612438619748671087e-02
9.072319853143033797e-01
1.809079092171140601e+00
1.472284393493527688e+00
2.921973305109486496e-01
2.978302515911428472e-01
5.526806108395989625e-01
1.336788052872304178e+00
4.543693768600345351e-01
1.769822568305944976e+00
1.487320102035793123e+00
6.782167259447966501e-01
1.688001791412974129e-01
1.263528876992201955e+00
1.356617789943925345e+00
5.164832187018397747e-01
