7.289772600758555043e-01
6.106631379102012147e-01
1.217361163791843559e+00
9.318126356839133706e-01
9.955630254036678117e-01
4.214039706177667988e-01
1.286259436754818353e+00
1.050669225919245164e-01
1.246280366267914719e+00
1.366938338668716835e+00
4.255645030017074504e-02
5.168061816733420244e-01
1.846803066274800731e+00
2.644895909143958335e-01
1.236558464642097732e+00
1.369547381208676917e+00
6.592789291158300813e-01
5.224022428559464970e-01
1.136398488126314721e+00
1.927124090912589516e+00
2.935754944499171515e-01
1.400622549101937953e+00
1.174491355353400657e+00
1.011178878009726834e+00
2.110846646378528035e-01
1.491574047167324668e+00
8.485539715129521987e-01
1.814461184057929000e+00
1.669412101436085205e+00
3.491823269003884178e-01
1.159713077836973749e+00
1.176206032291434944e+00
1.838945638380402592e+00
9.510049418762198670e-01
5.478508267208570537e-01
1.558412699821201564e+00
1.113043267951986159e+00
1.053185388176725912e+00
1.965905570560781968e+00
1.110861793825881794e+00
7.664794291046592711e-01
8.381978935493368255e-01
1.764920885538862283e+00
1.700643658089397103e+00
1.077000010444486122e+00
7.586104964461894973e-01
1.423343689906738430e+00
5.754287296654467809e-01
1.506659635387752161e+00
9.347186615522775632e-01
7.512757273023713545e-01
9.993771455675930504e-01
1.815557364680907781e+00
6.762835110477789513e-01
1.379245023493989475e+00
1.651474116309448625e+00
1.983478650719575409e+00
1.334386786775527689e+00
1.926871476084440982e+00
1.561880547945112774e+00
1.979536226690784328e+00
1.230466854166393897e+00
1.864421102042177480e+00
5.339218807346712836e-01
7.104366338704348749e-01
1.853327079683888101e+00
3.006206839809220099e-01
2.748347317602406470e-01
2.419713843401130049e-01
7.787580246305658704e-01
1.875417511852738528e+00
7.887542196506398540e-01
1.084105881111527392e+00
1.227990543119417577e+00
1.566245169768308632e+00
1.567409371470493529e+00
