1.180462450396246865e-02
1.200432747533635158e-01
1.287381952247441230e+00
1.496035821575377955e+00
1.219782307895194595e+00
6.601236822733920206e-01
4.776704028035139160e-01
1.889364744530435569e+00
1.548139520525650070e+00
5.078175862793332662e-01
5.485840107143715727e-01
7.072085766631990289e-01
1.056880613109643985e+00
1.081872938498100289e+00
2.625001458047262481e-01
1.927924889910112682e+00
2.766319240772818766e-01
1.179377706879443100e+00
1.078695396210856750e+00
1.227580972412093629e+00
8.809795008232490510e-01
1.405336220055760865e+00
5.530777200169798569e-01
1.435651788957379882e+00
1.031641512812409900e+00
1.570198178362853803e+00
1.495309864066465710e+00
9.831710719168884616e-01
1.517137158214589387e+00
1.291602089375739837e+00
1.577427858954560946e+00
1.471555035515947907e-01
1.761495534771884586e+00
9.000923981759028081e-01
8.932734848701087138e-01
7.830021817719159394e-01
5.557806833172898031e-01
1.560566748098390022e+00
1.398131090163101220e+00
2.221729106426248990e-01
2.252229363932656270e-02
1.050298323477526719e+00
9.550945316449355182e-01
1.370024543359202873e-01
1.736262741231213713e+00
8.339547627568544286e-01
1.767937304130865250e+00
7.331068142553536227e-01
3.208129954491845126e-02
1.377916355114949809e-01
1.078846801649849141e+00
1.288208262080980937e+00
1.378533965257199512e+00
6.747755911684336638e-01
1.592625046005241796e+00
1.880113373470561733e+00
1.114629032494205418e+00
1.508193566300420674e+00
1.921190467425155646e-01
6.174460746814958156e-02
1.757579498426879550e+00
1.818848266459624607e+00
8.131384917371597965e-02
1.900011661882402336e+00
1.372955244014359977e+00
7.669213638910572506e-01
1.854431611716951256e+00
1.389167915680181498e+00
1.006859580175627489e+00
2.893107449317180446e-01
1.131944082850295796e+00
1.706372398295707082e+00
1.648908174555694828e+00
1.325691074016770887e+00
1.563811698574832487e+00
1.156034304266793544e+00
