3.809650435826927861e-01
4.950496083534496883e-01
1.745708311455940187e+00
1.385231154165176282e+00
7.643112717328075512e-01
8.326706597372868224e-01
3.804045684274948158e-01
1.831842089005988772e+00
9.282266649177306483e-01
1.848417696680424882e+00
1.659733134704729718e+00
1.362391793814182073e+00
8.066931717564447268e-01
1.366533755627604929e+00
4.771588476619608166e-01
1.676815089217716270e+00
1.992669854874929314e+00
3.885819295990886602e-01
1.374548366761966012e+00
1.132210273865103645e+00
9.326158493893230705e-01
1.989528617034537206e+00
1.282024755265429583e+00
7.835443615157324793e-01
1.834076995707535129e+00
9.734409241013119996e-01
8.136496612034957998e-01
8.298964073428289900e-01
1.463182351305488016e+00
3.379235043578883158e-01
1.054765943235524972e-01
1.542355837874793689e+00
1.952775701407356568e+00
3.237092790698423705e-01
1.016651938646941922e+00
6.843885487548653224e-01
5.503034590940494297e-01
1.268569565388741438e+00
5.405668036304200896e-02
1.710386268084290062e+00
7.615324914220584773e-01
1.995439716503225824e+00
1.680963849761261120e+00
1.392782839861796962e+00
1.842043933263886046e-01
6.072844350094235288e-01
1.891223438065309015e+00
1.561012987589251999e+00
1.917987963903840409e+00
8.281560062593942284e-01
1.616201742781242956e+00
8.859788639117649467e-01
1.425430592304476551e+00
8.893590275560470104e-03
1.322960201158724924e+00
2.441984915523525146e-01
1.171398277226244566e+00
1.151622942786811876e-02
6.140271421178171707e-01
5.617853790052844687e-01
4.154815457007310364e-01
1.558892499708329105e+00
8.875441390637819339e-01
7.288935495069264192e-01
9.736817066644047891e-01
1.923557557563662979e+00
1.232598398257764405e+00
1.878688935779539104e+00
1.390747083123069494e+00
7.606193466553148319e-01
1.516247204168787999e+00
1.411685552391108711e+00
1.224072196259418099e+00
5.702946253587608538e-01
1.144317324373114175e+00
9.296251616634259030e-01
