1.465037262250362460e+00
6.978585778779407001e-01
1.514162890881382229e+00
1.167541938364542009e+00
6.805164000507670785e-01
5.115291718933097087e-01
1.452169048771891902e+00
2.991549726884792371e-01
1.554582802482762371e+00
3.246613408876610762e-01
1.183040398091677048e+00
1.233735237763867953e+00
1.760333034483815062e+00
1.774089144358538483e+00
5.828192110070373744e-02
1.238869401635052991e+00
1.461886906831225907e+00
1.941165350083182695e+00
6.188467438712237367e-01
1.930308260030503931e+00
1.726342379956757878e+00
9.499972621538801398e-01
1.195891321321383760e+00
1.483103272533420114e+00
1.961823821419475422e+00
1.192152472352748127e+00
8.652804941790881443e-02
9.169780158902072209e-01
7.232036994301664912e-01
5.610269174242596968e-01
2.884614590102287934e-01
1.457433636936358301e+00
1.609434433455675606e+00
3.664205535600637553e-01
2.238561867206518841e-01
1.525744392568359586e+00
1.009003438487597659e+00
1.693234192515939096e+00
1.410295239800979150e+00
5.888747926401354249e-01
1.956517580743218243e+00
9.819969917951771876e-01
1.031793585483482989e+00
1.323510891541733514e+00
5.618168486922963112e-01
1.159599752234196757e+00
1.627146586336882361e+00
1.535735604274669264e+00
1.373901772197971827e+00
1.925554946349934848e+00
1.287950639286330023e+00
7.049941347515455980e-01
1.672036189113454530e+00
4.243133790352779933e-01
1.326845665259573259e+00
4.414241593151846388e-01
1.852262383935690870e+00
1.023437288062023498e+00
1.478786905526674023e+00
9.442443493448471337e-01
1.941561317393659891e+00
1.130685290556769029e+00
1.204964433589443384e+00
1.492839845156413769e+00
8.977401031391263331e-02
6.470655722609923721e-01
8.315708446762655193e-01
1.108074460823802454e+00
2.231607034942078016e-01
3.703039478454117628e-02
7.884674804349467436e-02
3.621726842306771665e-01
9.590907193958635446e-01
1.219521562744319887e+00
1.603343850363114331e+00
1.875421633990788095e-01
