1.171754152476634392e+00
1.317128132450393174e+00
1.405955729299363632e+00
2.239736302544694801e-01
1.299225472018066263e-01
8.881852763571100873e-01
1.558440423418544274e+00
1.430403940600223578e+00
1.127387395530385916e-01
1.251021756605155133e+00
6.286103188479570392e-01
1.140066135069234043e+00
2.056003994411605973e-01
5.786561780912431452e-01
4.739681042160901470e-01
1.093314645381414874e+00
1.952676997754083210e+00
3.054418616787741847e-01
2.195583210392673124e-01
1.078307194595259588e+00
1.030540839658755203e+00
3.661118114285288883e-02
1.504492142240885233e+00
9.518252154015001132e-01
4.853667836594479645e-01
3.439248869971183176e-01
1.987691216762618396e+00
4.443913592856940653e-01
1.213336404715416261e+00
1.913915056459414288e-02
3.870624781319027541e-01
4.358366005886540329e-01
7.894510240100438558e-01
1.773249156979296526e+00
1.351700662901494265e+00
1.237589662468283613e-01
1.574383928984449010e+00
2.440722294906656487e-01
1.981505120781298146e+00
9.355002373036120922e-01
1.664392986342233538e+00
5.919049732482153381e-01
8.496124038078454177e-01
1.166845183280573739e+00
9.407667364112759500e-02
1.970645653678445797e+00
3.052361973013040242e-02
2.694043600689508544e-01
6.766529130650535961e-01
1.313322580564886266e+00
3.895495086215197134e-01
6.083331789151817937e-01
7.697521674374585565e-01
1.252249874404133934e+00
1.605103826752120266e+00
1.082101182177277909e+00
1.802793642350358549e+00
5.460275330206525446e-01
1.683492012624683731e+00
1.695288444813034534e+00
1.087724001568320720e+00
4.923355392398520713e-01
1.790281220340621537e+00
1.074158239608625109e+00
1.008671791499099246e+00
1.515623168516258445e+00
1.045061627683406158e+00
4.391712596044072825e-02
1.310254392369348597e+00
1.204137790184625079e+00
1.935939032233668922e+00
1.513431187279071999e+00
7.545175862821209556e-01
1.306229762068856992e+00
7.865710450243263985e-01
9.978487375104507784e-01
