7.406372434432859642e-01
5.979630290948119153e-01
9.486253235926120908e-01
5.455417566395861506e-01
4.567810639922291749e-01
1.960624029232244325e+00
1.009547936259074685e+00
1.809191264770420027e+00
9.001883097851632876e-01
6.229042863373410732e-01
8.319631629732024969e-01
1.567787613684207493e+00
1.939274832669489523e+00
6.598968600344803370e-01
1.010976738199911740e+00
6.301027395599834158e-01
5.073645915137592333e-01
1.779779550234787067e+00
4.334369282653205424e-01
2.634386991582795545e-01
6.425745384519307990e-01
1.996658818101105126e+00
1.356293056268594199e+00
1.241871396154643925e+00
1.432125676427871142e-01
1.881112774444999136e+00
7.433721670429300765e-01
1.080506877846106661e+00
3.629018094841263142e-01
6.991180867993569414e-01
5.093742166944532634e-01
1.432743550916519393e+00
1.162718871329366355e+00
6.821797285170632108e-01
4.938692303962377572e-01
8.542768030249501265e-01
8.329148034418221158e-02
5.477887076109846376e-01
1.122377432841972222e-01
1.964830396907945254e+00
1.351017882090723266e+00
7.927527215276173322e-01
1.744558261219952389e+00
7.380781829570413066e-01
1.199930006434434038e+00
1.080371971925700336e+00
9.984410660851033015e-01
1.548852268231961204e+00
1.980946394555085810e+00
9.728938993043900751e-02
5.807517669440520613e-01
7.842598713201143212e-02
1.294562518324635203e+00
6.052826902805090725e-01
1.125007873036143025e+00
3.563188476589531639e-01
1.728699224030014303e+00
1.821166009714947798e+00
1.052487032243065279e+00
1.553593301651507996e+00
7.589612947932469211e-01
3.449947294035160539e-02
4.582361934298910811e-01
1.846456833036696388e+00
1.260017621387671927e+00
1.910419800278106983e-01
8.203361300424889535e-01
1.181109382171108724e+00
1.052096225325008572e+00
1.659673238383684968e+00
6.573384955098218185e-01
1.790589785313127624e+00
1.955185103762504539e-01
1.399282148503783407e+00
9.035257618787344569e-01
1.649036373428308888e+00
