1.202084649892631418e+00
1.257088067975664636e+00
1.515970021885496344e+00
1.826153405831045795e-01
1.899627920090367628e+00
1.614844115273398550e+00
1.143900994947766314e-01
7.840753999343563763e-02
5.256724644057499951e-01
3.777270086780526448e-01
2.145676447274587062e-01
1.756785769627676519e+00
1.971677663671808300e+00
1.247307068477216951e+00
1.321856153359307395e+00
8.558816224243726012e-02
1.204805192505512323e+00
1.677608594482694837e+00
1.518807985161354068e+00
1.948243241764708422e+00
1.976861009281114967e+00
2.171536351593785774e-01
1.191034095679344151e+00
6.856096354964247297e-02
1.075787183891189880e+00
8.377173683258192227e-01
1.235075154231398908e+00
4.513452647783444682e-01
1.017959893803420890e+00
1.507050214360636797e+00
6.079757576454785095e-01
1.519082380250774911e+00
1.405904644748203314e+00
7.135914278178154824e-01
7.697405299149133739e-01
1.098379455321010667e+00
4.043190834869347938e-02
1.425040061508755507e+00
7.644279424416882129e-01
1.877458253333289306e+00
1.029397207005734671e+00
1.778291515601242434e+00
7.339077586455360347e-01
7.026011848596320775e-01
8.582717340872902945e-01
1.416115618823746480e+00
1.769851272948454124e+00
1.200238927672366174e+00
4.479922400268567806e-01
1.821845596741018092e+00
1.027829022097021205e+00
2.599767619941451002e-01
3.622633532731942552e-01
1.284015895967255183e+00
1.928887600189561624e-01
1.190618143340801627e+00
4.323194410549735522e-02
1.653227674582506079e+00
1.282560045135868076e+00
1.169810351238789181e+00
1.582851223829915721e+00
4.935554071784031827e-01
2.332794678460170523e-01
1.060056323013786272e+00
3.003446839796248824e-01
8.200844623239529341e-01
9.389098505904787118e-01
7.579464252791323631e-02
1.616315823935570606e+00
8.891791192079439021e-01
1.287729128604472084e+00
9.201693972461679749e-01
1.363482680928281621e+00
1.628835141873452130e+00
9.846766617153410728e-01
9.270932631912476296e-01
