7.074844119525587338e-01
4.699853825960702558e-01
4.822982891800604577e-01
9.369031147715709551e-01
1.361513991026959136e+00
1.784955915800652271e+00
2.165755633061543506e-01
1.025522780517178489e+00
1.127134082672834214e+00
1.215034106542064674e+00
1.235035178646238574e+00
1.849576172074121061e-01
1.319227082200213452e+00
1.124131911095189729e-01
5.275059083339179722e-01
1.729580004079203981e+00
1.381116304894766778e+00
5.729900001138079624e-01
1.182207192562772402e+00
9.361932331723523681e-01
1.695979541784087719e+00
1.399052666597848216e+00
1.161811915443894616e+00
1.266824219948928132e+00
7.877809196699332439e-01
2.604772735301712494e-01
8.550649600730051425e-01
1.444082817976043653e+00
1.099537538428524197e+00
1.007262166690585214e+00
1.933866447716568349e+00
8.789872503381537250e-01
1.675758111167321651e+00
1.862855041321704874e-01
1.700878420414593251e+00
1.957280544447610016e+00
4.814176831239556087e-01
1.158841183334685887e+00
1.009096806125342471e+00
6.089330988156227420e-03
1.633719049432698522e+00
1.240120566478501107e+00
1.111119961886206209e+00
1.317194334170448400e+00
9.195822365777397422e-01
6.136419506738968188e-01
1.665894873373417795e+00
4.323193563695397756e-01
6.977323592461406321e-01
1.025379019744390163e-01
1.656647572557715442e+00
1.474543062540210503e+00
1.415241328561255507e+00
1.108885943961527953e+00
8.801923013034675947e-01
6.502972964684290424e-01
5.177464913315334982e-01
7.257168347884044302e-01
1.715012765637718317e+00
3.162213364001380533e-01
7.477105121866500781e-03
1.776611442696741872e+00
2.716256784980064509e-02
1.353935968555565417e+00
7.240030172062095204e-02
2.330910586028744902e-02
1.885311161285771142e+00
8.168315507232128958e-01
1.015094055623872560e+00
1.370036508171066369e+00
1.140878536890265860e+00
6.130563058619973305e-01
9.428840312962614156e-01
7.149892740814860481e-01
1.635473420100334696e+00
2.870993814047890780e-01
