9.137010134590419774e-01
1.142543318865505420e-01
1.389803413592333392e+00
5.032685656069966207e-01
1.041260423844503791e+00
9.212770615002092711e-01
2.667002342179261021e-01
2.654835421026087161e-01
5.863687895473050915e-01
1.380958467228711406e+00
1.219185017486596134e+00
1.609727884605354209e+00
1.781812552125116245e+00
1.705421109971319016e+00
1.884373043824076444e+00
8.151105024310818514e-01
4.146862401992703617e-01
8.273334740515991825e-02
1.162662288854594106e+00
1.776253535883101531e+00
6.593547192712936322e-01
1.855444745675634888e+00
2.611885365457746744e-01
1.358189376095800149e+00
1.323041753198793913e+00
1.029860549193938102e+00
5.912555716280372131e-01
8.987679592562147768e-01
6.721984926200739174e-01
2.741848093972665268e-02
4.049396446913813286e-01
3.167728203798927389e-01
1.345673013216719394e+00
1.020632609126686852e+00
1.752593398462833463e+00
9.143525402240597622e-01
1.073042461433094896e+00
8.896100553964991775e-02
1.281718292565054096e+00
1.850356342471953131e+00
1.835528688841610911e+00
1.818564561538706048e+00
1.167045818287087755e+00
1.918941464934720287e-01
4.240271483960746934e-01
1.999931269702017733e+00
1.257484377080275273e+00
1.198501679571128964e+00
5.530743834984752638e-01
1.260877758851286945e+00
1.369632007124137463e+00
1.918591618856746894e+00
1.848381891908021935e-01
4.332308411050500574e-01
2.225320508285641985e-01
1.977330166957528057e+00
1.727335200875779186e+00
8.388393440671042534e-01
1.636018832326278094e-01
3.661932902824451830e-01
1.935838479683511970e+00
6.695965787470612440e-01
1.383943577693002691e+00
1.889608565990063660e+00
1.495136669999440837e+00
9.856130216298351066e-01
6.061827915385493704e-01
1.227685686164067924e+00
6.928412130580046124e-01
6.264483966908365176e-01
1.747320131115909891e+00
4.328696980045596554e-01
2.899570859600983930e-01
2.446703405063415104e-01
1.619870243226074980e+00
1.282507811232354911e+00
