3.339359333646831907e-01
3.403071844475475949e-01
1.469153918776243906e+00
2.788936436846509714e-01
5.337811871388145057e-01
1.655133572893620286e+00
1.370770418798055612e+00
8.372783954386338046e-01
1.053158718694962026e+00
1.947192332313849583e+00
8.421994711114431098e-01
1.863003486968382028e-01
3.088853895867025301e-01
7.973624976507189821e-01
1.574356646166930940e+00
2.114486540032101125e-01
6.071062884560047834e-01
4.899747537081080573e-01
1.105442363020761931e+00
3.527062042112718565e-01
3.920175278784907569e-01
8.391442254653931343e-01
7.265267674471931336e-01
1.092581026103770725e+00
5.248377727400388437e-02
7.746523965703890902e-01
9.511531877813483860e-02
1.932817489039261538e+00
4.118567213699191321e-01
1.600068596330154858e+00
1.686310508616937209e+00
3.980688734511392823e-01
1.845510517569152853e+00
2.329609124631488726e-01
2.049216337238179975e-01
9.735733823049459446e-01
1.967169702645636953e+00
1.172283198013733596e+00
1.492410193138300478e-01
1.991756489041891065e+00
1.567007095609737721e+00
8.043788172871702002e-02
5.006921147679590511e-01
1.173745190865154164e-01
1.548300771742165072e+00
9.833077189553840469e-01
1.260868310470588671e+00
6.224875324652323627e-02
6.999915876564033468e-02
1.274579849704837287e+00
1.851546846952559999e+00
4.681887502094461695e-02
1.026103503113921622e+00
2.928719808824498116e-01
1.742735205162646128e+00
1.278212881088563790e+00
1.843601152708614244e+00
4.558950360186893036e-01
3.903971832782828777e-01
1.952805173336828570e+00
5.761508820330769609e-01
1.853305351917256871e+00
1.453097339997574622e+00
1.305413205603933591e+00
1.886489985091995170e+00
1.147001342068960206e+00
1.060915490808555628e+00
8.250537064094451978e-01
1.507777425018807627e+00
1.618659749199232500e+00
1.227150768253050028e+00
3.553248971399884937e-01
2.033810430992697427e-01
1.102770581718428566e-01
1.970810519407314221e+00
3.271493657301678404e-01
