4.107271324992991524e-01
6.179607584715069990e-01
1.696618675350403560e+00
5.798738380919954416e-01
9.861317390473418598e-01
1.960162300695458715e+00
6.745227702083482768e-01
1.791593905858795743e+00
5.430081031940257041e-01
9.488267286251725885e-01
1.486608647754175117e+00
1.453659300000633259e+00
1.072614825450946441e+00
1.325075080802319061e+00
1.345080239311243986e+00
1.784981360753669755e+00
2.750460694441470011e-02
7.790704443011096103e-01
7.986142559866795665e-01
1.723234097624917194e+00
9.170220753088806909e-01
1.251015916145074236e+00
1.893925114590757630e+00
1.098410618943216566e+00
8.321745998209886253e-01
4.942139719674876197e-01
2.254128520500455757e-01
1.588136723124602856e+00
2.797757604210420190e-01
2.875834315779282058e-01
1.688217539596041483e+00
5.935827498841375061e-01
7.113123158165279847e-01
2.879451677227962136e-01
4.766063192852616481e-01
8.747491989889146780e-01
1.264647159600892579e+00
2.517225212140208335e-01
1.328941834560485091e+00
3.910567488113056989e-01
1.098365840801491800e+00
1.825236340755052034e+00
8.970103967439326809e-01
8.069306663699595816e-01
1.101076367795633004e+00
3.905016582653209056e-01
1.435856127565227514e+00
1.703206560839299222e+00
1.284160188919239332e+00
1.274686259064664373e+00
1.956513715806165621e+00
3.926853262147735890e-01
1.160357336031446529e+00
5.185825937763510751e-01
1.068009346111109537e-01
7.512666056934085290e-01
1.186896862823477061e+00
1.988303113244786591e+00
8.248328819166923509e-01
1.815161191311788880e+00
1.295408738103228430e+00
1.479711029577948089e+00
1.775727612658144938e+00
1.339798707964720670e+00
9.195387307266043031e-01
3.609877091254154458e-01
1.073796460254935248e+00
1.677664675487528623e+00
1.048295374127779400e+00
3.055894995099195377e-01
3.228234296235013012e-01
1.686084837093942301e+00
3.631283434151151290e-01
1.610737773625859681e+00
1.108522240295324757e+00
1.833745568077644883e+00
