1.582060351490718553e+00
6.471337180624896490e-01
4.492275474342477537e-02
1.542356148724603138e+00
1.471236273570290631e+00
1.900274956294278450e+00
1.793200450130104429e+00
1.835414428410430343e+00
4.747359778332467251e-01
1.133201579479719889e+00
7.660975596241170749e-02
1.272640225740567566e+00
2.745981830469372831e-01
7.386575676195672457e-01
5.757085489755611185e-01
9.842813954745808225e-01
1.766704507462751650e+00
1.525383328494706259e+00
9.849099715458016213e-01
9.560899173947419172e-01
3.808846322712566845e-01
3.458206641782939350e-01
1.260101320632515787e+00
1.798085916698090259e+00
9.342628549123652704e-01
1.247140979051124976e+00
8.085388947565892437e-01
1.499587725343452860e+00
6.383679982434453670e-01
1.542272974978748490e+00
7.532747151246725892e-01
4.005955903364637471e-01
1.373294774899145754e+00
1.834919903278757758e+00
6.377403161489287875e-01
3.740512896176189095e-01
2.181265828424931996e-01
4.316340386685268982e-03
1.405122542840759881e+00
1.419538616135462838e-01
7.981047112001724564e-01
1.714520716573630921e-03
4.617901478439541130e-01
6.142910643506347412e-01
4.220256980911663014e-01
1.929935411400633516e+00
1.370444141390010806e+00
1.015916535737302784e+00
1.523468424058121329e+00
1.923239572460260671e+00
3.364669777107840432e-01
9.130127202541808984e-01
9.830821842777051067e-01
4.947070389531602608e-01
1.813305231598237643e+00
1.962530810772443957e+00
1.623945654434066910e-02
1.334546748172814823e+00
1.300396932239853864e+00
1.003426911867824067e-01
6.324664903818089101e-02
5.992262009064237560e-01
1.284885675343759637e+00
6.364206788236632661e-01
9.767972121989791923e-01
1.119995776272737054e+00
3.805252612917411348e-01
1.567349209773978291e+00
7.154561976548041713e-01
9.727639620501595807e-01
1.003970822202203461e+00
1.851450184927809328e+00
1.542002688428003587e+00
5.344771257165548128e-01
1.569771617701969380e+00
7.625167205772593881e-01
