1.806731182043681105e+00
2.198564732891354900e-01
6.654101278972057720e-01
1.855020212065694452e-01
1.337970401716893853e+00
3.900069489126365418e-01
2.774282196733466321e-01
2.344041318220084769e-01
1.675790518505674509e+00
9.617511172762300831e-01
1.519657132459051763e+00
1.229069330897290424e+00
6.208176008496297804e-01
2.500866562421513173e-01
6.971312891165988290e-01
1.543514044900401228e+00
4.674129882098787547e-01
5.333976027257278929e-01
6.245117494558787286e-01
5.054156347952702966e-01
1.693034262021586134e+00
1.102029554416877222e+00
1.548041451622673925e+00
1.810161931418473813e+00
2.594781371024854622e-01
7.688212207243321217e-01
1.208318267451911954e+00
4.795831168398612121e-02
5.366297397984354234e-02
3.397420247725495557e-01
1.985045218235912401e+00
1.187228490989173935e+00
1.355294621008651390e-01
8.645466134962545013e-01
1.912352842100375927e+00
4.003581979794250678e-01
5.598794097627424193e-02
8.156841663416378729e-01
1.294976460030037746e+00
3.091975413119842919e-01
9.701541688545090025e-01
1.579357354752101372e+00
1.416327153524834515e+00
4.315281223228613072e-01
7.086297788540369957e-01
5.174929304063358160e-01
9.291167135712288250e-01
1.963083271290754883e+00
1.903493939051700501e+00
2.498803328841301408e-01
1.817015432922695961e+00
7.835639290997185036e-01
8.204521170428265009e-01
1.848767212764013124e-01
6.420267391081706521e-01
5.371436835140754873e-01
1.501495412259992612e+00
1.104957135258775036e+00
8.802087042653483628e-01
6.290968808832264614e-02
1.991681998952540500e+00
1.649433838390252482e+00
1.324041147443739685e+00
1.228288016127680571e+00
1.957522729026836661e+00
9.950136493270043125e-01
1.139173795737326689e+00
1.776815556712544986e+00
1.763561992614191887e+00
8.949349105111048530e-02
1.396271721392253973e+00
1.844357157365430044e+00
5.500556372518361492e-01
1.629135922703129680e+00
9.823243029971413520e-01
1.392643029668512167e+00
