1.102310235869759403e+00
4.138341323553778039e-01
1.391481770934349882e+00
1.672699043579175537e-01
9.120558018410811485e-01
1.432903755295553694e+00
4.592603323802362247e-01
9.149879703091658989e-01
3.745630272981266273e-01
1.391374107190857412e+00
2.008470874217818114e-01
1.438525990254094111e+00
1.393254937148649120e+00
1.005294673899536750e+00
2.247213602894793105e-01
1.000159601878360505e+00
1.199838175189061218e+00
1.373630570274932960e+00
2.111495893199548668e-01
1.995143786357526317e+00
1.507638261301146976e+00
1.589434442226620448e-01
1.067993196493448593e+00
3.095649573093179896e-01
1.408585432435315532e+00
1.801099294245850135e+00
6.730837532608218154e-01
6.485701005189103974e-01
1.026987309211203847e+00
1.651136716323028608e+00
1.046719273405135819e+00
2.198382199595245723e-01
9.986694895513270609e-01
1.618218872180774426e-01
3.864833158804490409e-01
1.616302407835407351e+00
1.203990546712115695e+00
1.507934929833212312e+00
1.254585869348132654e+00
6.481033350077742838e-01
3.706387817145517793e-01
1.449316187106477472e-01
2.854900643428774920e-01
1.565582085991088501e+00
1.434092386487692217e+00
7.028110652568120287e-01
1.917576952317387118e+00
4.250337326588686793e-01
1.875456521621662098e+00
1.337714233732273161e+00
2.437715913576101734e-01
9.536516068677656222e-01
2.289462406990629972e-01
5.325008919403342311e-01
2.161795372151313899e-01
4.860066931586355388e-01
8.463764902491939246e-01
1.680945882005010716e+00
1.758664252018657059e+00
6.541475833717331767e-01
1.476229919594481466e+00
1.355770385575020942e+00
8.139887561943117689e-01
1.030078239032228282e-02
1.507318351298385206e+00
1.723388507713936590e-01
4.293448467511673527e-01
1.634007763159937010e+00
1.385360090898320795e+00
1.451524411814520299e+00
8.680433277742172216e-01
7.675794391578563136e-01
1.977176122788205870e+00
1.141104884959527777e+00
6.102860170061124023e-01
1.551167103378879197e+00
