4.837102981425354109e-01
1.880860860757444186e+00
6.922688963395451367e-01
5.206460734135287538e-02
3.019835515038034046e-01
1.733918624056682845e-01
4.145758278105700079e-01
7.681428323150432114e-01
1.563803165890806035e+00
9.651483256252730847e-01
3.320529432273908732e-01
1.133321265222546170e+00
9.882305673424860437e-01
3.979661855909117918e-01
7.324416991612650030e-01
1.161983937997501659e+00
1.245659223014252248e+00
1.124205121673264252e+00
2.448453316043952555e-01
1.847607480232005273e-01
8.246333545480766247e-05
2.696365910297831014e-01
4.985021381264163054e-01
7.755216558393231985e-01
3.044128051451311379e-01
7.727225380754534356e-01
6.581019172736324307e-02
1.711997841715993118e-01
1.204758809301420985e+00
1.456287704366714397e+00
1.922690694297473080e+00
1.792558295726875972e+00
6.283638347016844428e-01
8.591759346309619794e-01
1.038933772980199510e+00
1.351524961826438442e+00
7.364400985940542377e-01
1.351169580895930533e+00
6.079883985710536898e-01
7.295224810013389849e-01
7.931542184981847932e-01
4.264377659496574324e-01
1.794250402238341646e+00
1.151642712796105528e+00
1.563396438136181121e+00
1.319390402977392629e+00
8.745673632604544778e-02
1.874633382607391319e-01
8.849894616311981821e-02
1.548559049273252164e+00
5.853820347905109855e-01
4.114829079283230939e-01
4.945891455661919345e-01
1.872389462464409515e+00
5.282792332091776899e-01
1.479164657813773154e+00
1.034550627012954305e+00
1.330149272848355491e+00
1.461025050820298876e+00
1.214384640559932560e+00
1.311940531027797174e+00
9.127259767093973686e-01
9.342657236097284823e-03
5.132406259683506278e-01
1.552958123044789751e-01
4.122185633575390362e-01
7.219679780074761410e-02
2.332979515428665884e-01
1.289648423289872614e+00
8.504769659231921075e-01
6.701517034364394831e-01
5.236453362178132842e-01
1.330068073566993192e+00
8.785413154903438659e-01
3.185454056293361980e-01
1.339947085368045965e+00
