1.959101283084972778e+00
2.390293903113485108e-01
4.892831672428825662e-01
1.816701165211557889e+00
1.038502891943950068e+00
1.427474679226997001e+00
1.134847363834036837e+00
5.684514846119048670e-01
1.121764669650220370e+00
1.103953872638435918e+00
6.355942025645289206e-01
1.999255313835770043e+00
1.355210072159604096e+00
1.188920288246368973e+00
1.284082176293840583e+00
1.497301757675693068e+00
3.281842009541042771e-01
4.643717367203850088e-01
8.247789816713058109e-01
8.190513298476256310e-01
8.241614394719101178e-01
1.917592717402147873e+00
1.621097580630785906e+00
1.530295898926157694e+00
4.303315757966834632e-01
7.814075544040370858e-01
1.050914210575273344e-01
1.610485638980229783e+00
1.213177860346434933e+00
4.372740834295965051e-01
1.009519001743259814e-01
1.422016503648784624e+00
1.431942385795018868e+00
1.916846876531561161e+00
1.359876907733629459e+00
1.534624358085730833e+00
1.252724562244376560e+00
7.313645177584100487e-01
1.041127386497198604e+00
6.500321201958079165e-01
1.981394383745247900e+00
3.301071270705557836e-01
1.869902988924489584e+00
8.127647997869686947e-01
9.497461022031763456e-01
1.755147916719613121e+00
6.763850044006525231e-01
8.373654973562993931e-02
1.907831637532305891e+00
7.377728199533302167e-01
1.504568882504837113e+00
1.320824485141567362e+00
1.387250165047192230e+00
1.069061528214971801e-01
1.226556810395408537e+00
9.246125531631688155e-01
3.941231011192583011e-01
1.051663758553539552e+00
6.875128702985202622e-01
1.564643910893374734e+00
1.620257309784136623e+00
1.378645762387698426e+00
2.247990783500606327e-01
2.599880871716244712e-01
1.365429089821315056e+00
1.643673321138528820e+00
1.928911285566718981e-01
2.722130679580634371e-01
1.295341637409769930e+00
5.299495895555117464e-01
6.713235747606636217e-01
8.406837576742853813e-02
1.214191045413454351e+00
2.641395840714877430e-01
5.191613712744418407e-01
1.417181430467993053e+00
