3.039164775643423688e-01
7.571352528341446231e-02
1.664960124843749334e+00
3.628930588031655802e-01
1.213089434586795967e-01
1.349012152890138871e+00
3.361100505717038445e-01
8.604838578258879878e-01
1.314473713361138607e+00
5.943362359327788447e-01
8.527196297570949213e-02
2.276493728815740525e-01
1.821087784674870758e+00
1.993450800328288697e+00
5.812043118674528053e-01
1.185527909367229071e+00
1.216148164387914399e+00
6.791673481255111611e-02
1.568604247334435264e+00
2.999930868406694984e-01
1.092556562891130678e+00
1.260542775491046541e+00
2.579016714458814974e-01
8.893615402000487613e-01
1.936161958872041566e+00
3.283690213481822440e-01
1.039417648304674646e+00
1.199291964479300088e+00
1.484098348653974941e+00
1.909906727689096417e+00
5.798149878370164600e-01
1.750268678993203153e+00
1.630832147411453548e+00
6.517552802168165016e-01
1.504132124477782551e+00
4.482926591885205703e-01
2.195539413545803953e-01
1.734469859274200942e+00
1.702893943385042519e+00
9.316044582708982169e-01
9.005304088245176253e-01
1.491935152916407770e+00
1.679126550112646665e+00
3.578350881240401904e-01
5.506760127894816392e-01
1.547089191770624428e+00
1.995820721780843243e+00
6.214522812343510338e-01
4.736144467578164985e-01
8.085140538167907565e-01
1.813061066814637190e+00
8.869702953703684223e-01
1.807414214631016147e+00
4.301820709047379232e-01
1.704821574035739751e+00
1.960713775868529574e+00
1.929622548775734359e+00
1.135979424548978489e+00
1.241832076272033181e+00
1.583898460060198854e+00
8.752785914838536740e-01
1.909802570544890887e+00
1.034218635049701795e-01
1.059212045623261211e+00
1.113213153325774307e+00
1.656409124129774924e+00
4.613428963947052708e-02
1.148516736057503707e+00
1.570745597767845059e+00
1.866939490505307386e+00
4.818818471920991442e-01
1.545484470175918279e+00
1.158765614466155114e+00
1.289908109690780957e+00
1.297821807745404232e+00
3.020895562025605052e-01
