1.078203736439392824e+00
1.011615119548149977e+00
9.110708264557714209e-01
1.460805890040835830e+00
1.780934891813442000e+00
1.683068724291090668e+00
3.986360800523294223e-01
1.486779848450138886e+00
7.101407523582174974e-01
1.144511879413899980e+00
2.881337497217844046e-01
1.938738947470056928e+00
2.017011381121500690e-01
1.786676641154155032e+00
1.261255046294329496e+00
1.645484600640182649e+00
1.278105308196126000e+00
1.431429862439888012e-01
1.815324707547914862e+00
7.259112481133120909e-01
8.398393934148158380e-01
2.337516334007472274e-01
5.868606151742081778e-01
1.752939431487549715e+00
9.649422158157698881e-01
5.693755534788635941e-02
3.560877446420769310e-01
7.448448076947005170e-01
5.140600466386713308e-02
7.940093909102761138e-01
9.488809792688899236e-01
1.226615563480411009e+00
3.073493043965189742e-01
3.791506331572676025e-01
1.432870052336570499e+00
1.935065564819220096e+00
4.644548677452373653e-01
1.872294478932271744e+00
1.605572152125159580e+00
8.650626968744248302e-01
5.781002496749105823e-01
1.476833720713287779e+00
5.481086423466452473e-02
1.070515963771103696e+00
1.476691959976064616e+00
1.988425792862249075e+00
7.209691764482428766e-01
1.099712429810587810e+00
1.430694657394702141e+00
1.226114627373100063e+00
2.783348826938909504e-01
1.447299836734177170e+00
1.684171857273058848e+00
1.824510450361406910e+00
1.344045690148740757e+00
1.224978638017813815e+00
1.878064188961702019e+00
6.940653427972640621e-01
1.715567809896323404e-01
1.593265082136287258e+00
1.438770707219905187e+00
5.004516008811479288e-01
5.606894513142286485e-01
1.436465897629040089e+00
1.010211055584643969e+00
4.210002140265198811e-01
1.345210275878867101e+00
4.175181086038048939e-01
4.510742408553758409e-02
3.554579066868899240e-01
1.154901587676433472e-01
1.790149811271244396e+00
3.339391918143350679e-01
1.004080288097102702e+00
1.218988503280828972e-01
9.351929501155709090e-01
