1.344254664298397905e+00
1.164696848583016919e+00
1.527602917664787174e+00
1.023112272390458877e+00
6.135123663489889800e-01
2.904516449719354299e-01
1.574419085211844482e-01
1.759016423574233379e+00
3.489815255964279217e-02
5.012728699913826524e-01
5.449044704899241864e-01
1.754025481037717160e+00
5.986710499248797390e-01
1.006705745104875316e+00
1.726721043493702812e+00
6.013289722208243759e-01
5.506468401896791320e-01
9.688942574294920895e-01
1.831010029834135189e+00
8.746835687492029443e-01
6.251502519043259376e-01
9.131655535597991147e-01
1.276982334883625114e+00
3.966087933410635813e-01
1.303383211086028393e+00
9.611030387896750682e-01
1.389299277772799268e+00
1.804671191845201861e-01
1.096709040806359781e+00
1.076295880750060441e+00
1.224503702894196078e+00
5.878776919599668638e-01
1.764555910474048694e+00
7.994132071613302415e-02
2.904256164600620416e-01
8.908701946799264526e-01
2.487992415455830830e-01
1.342330559802094037e+00
3.134426368702567522e-01
9.699613257331134442e-01
2.269584386958563016e-01
6.647479092813131096e-01
1.982878910041273368e+00
2.839494160772613185e-01
9.095759040382356275e-01
6.127089497446545074e-01
2.259816309341040608e-01
4.935668176971650389e-01
1.572007480918554911e+00
1.912706607596663666e-01
1.722806405301236854e+00
6.476038499168614848e-01
1.454521770229818767e+00
1.850428878389211995e+00
1.466324540711784863e+00
5.174772196230845722e-01
7.908691346623024643e-01
5.997501688209205817e-01
1.454444441360323470e+00
1.483573934147859319e+00
9.672816002734450080e-01
1.200526962313433366e+00
1.196993330496879171e+00
1.756496739740498469e-01
1.994023330547110895e+00
4.853636471538620434e-01
1.005429325494429538e+00
8.874675209519482522e-01
1.843705305918816428e+00
9.192618842585718042e-01
1.212963252936297032e+00
1.926972342536843907e+00
1.640391999003927737e+00
1.180400061140986612e+00
1.289454104903207110e-01
1.888877755140649484e+00
