1.357128631371369742e+00
1.299126102892650625e+00
1.896467531244349747e+00
1.235153519793534826e-01
6.357145923168054935e-01
1.734540053381512070e+00
1.374128740039871843e+00
1.234614980187283440e+00
1.202703001330188037e+00
1.477454828290958311e-01
8.577773294934942783e-02
4.100130177860941139e-01
1.275115768773411595e+00
1.140744252071996367e+00
1.875139774096179490e+00
4.711006764555234483e-01
1.415478544099164182e+00
6.861869933013391432e-01
1.914724343841581078e+00
1.855547528517532907e+00
1.768957469364322854e+00
5.866584180859608644e-01
1.738218982621564379e-01
1.091627735931340215e+00
2.418790818943867826e-01
1.411695837545004828e+00
1.790411665732060786e+00
2.174703798370805075e-01
9.926798684655113725e-01
1.505265875870631653e+00
1.685970558858999713e+00
4.108991613110646313e-02
1.815719612204233169e+00
4.500014762623325559e-01
5.124270026830441971e-01
1.499036423489097380e-01
4.742863448116807490e-01
1.323400651728596333e+00
5.853710839546524269e-01
4.247953539085367325e-01
4.980489714949598579e-01
1.698522457880865311e+00
1.595245146848088602e+00
5.124239006732267399e-02
1.394709535242689480e+00
7.005332062491773648e-01
9.407152336045054852e-01
1.089868506025296835e+00
1.415754085030298537e+00
8.946236974657741925e-01
1.127220485989973486e+00
3.134544915193342440e-01
1.380863619071488024e+00
1.801171478382447511e+00
1.589753023731960369e+00
1.997765446142647505e-01
1.800246811087687249e+00
1.563230810448489105e+00
5.419007306805756485e-02
1.266736661548599319e+00
1.828771940372580396e+00
1.792044842698635954e+00
1.405573112274856928e+00
7.288096511521420240e-01
1.996955588970827034e+00
1.437511031168608344e+00
4.023136000697791204e-01
1.215527969096618754e+00
1.211280622817480612e+00
1.688128266277562073e+00
1.701097877501680955e+00
1.030242425142212426e+00
1.911028816757101900e+00
1.970650909071800072e+00
1.923569280552412941e+00
1.294261907126298183e+00
